73
141
296
195
89
127
610
1059
24
332
21
1139
850
279
538
710
440
181
41
315
174
1835
1146
1933
236
4135
3381
159
438
17
1219
3437
2567
2176
2787
16
5633
1834
3619
8379
3795
1497
2893
1630
2782
2217
214
3232
613
5145
3049
2802
2868
1370
1376
4079
3525
8300
2908
1020
332
7043
1649
1587
8888
2898
2743
1603
1208
6338
1131
8907
5718
3668
2866
1107
941
5792
3402
8787
6478
600
4599
328
13179
11396
1421
4733
76
3082
13877
268
808
3287
1808
2713
3054
1539
6204
13606
6117
5440
11191
802
20497
13592
780
5630
6919
7144
4546
3809
11749
3787
19715
266
779
2997
6507
3198
17349
5943
4607
8268
2912
16911
4500
13620
18122
14527
4116
9689
15954
350
1741
889
5668
1007
4985
3502
886
104
9407
6272
2106
9968
18804
6755
9761
1082
395
13074
3288
2981
18745
3345
302
12447
764
1319
10871
15942
17471
10332
11486
612
436
14030
15065
20389
2494
889
7730
333
10479
22490
17794
16806
12850
8554
11340
24219
12636
7857
10522
14431
25121
13352
8104
11821
6943
93
531
16127
8218
4917
17487
378
23415
1869
25917
8388
10924
2468
8594
1972
7754
3965
414
21140
24407
16960
803
1066
55
5948
21934
7373
2844
886
2370
3283
9213
7069
6993
3123
8588
144
33571
20191
4265
14921
5704
14032
31058
879
15826
1693
29282
1322
11387
21043
10775
28872
6853
32496
24163
671
16714
19349
6144
4702
7685
1373
7894
388
23642
19856
18574
12568
10965
26218
3067
449
20109
5111
301
5244
15069
5130
2529
6929
671
2825
574
5189
14948
15091
9142
463
8048
15931
1057
25368
527
10537
12509
4056
1207
9204
14696
16847
23778
2029
19097
969
13229
1383
2497
4447
28762
37172
17559
34089
7570
34640
34944
6290
362
1540
20740
37988
15629
506
7195
1698
22670
21321
16374
83
7577
39452
10736
3061
9677
27628
20481
47083
17134
15277
2370
13485
7998
10361
9699
22103
32935
15844
3170
25209
6250
91
7464
4449
9328
12379
1157
2316
1805
12640
22110
7458
3304
11942
3034
3111
22513
18236
36797
9206
40707
5830
7938
23201
24164
18460
50634
4625
26505
46486
49058
15322
53543
35042
9817
19498
7324
13496
3490
19847
23521
46135
2332
16720
24354
18623
380
5688
31150
29371
36754
1422
33039
36329
18187
5617
31137
55527
414
8493
13596
39209
7566
22077
12739
39232
62541
982
26867
17047
53279
7623
18487
31559
25960
53922
1369
1401
46678
13736
11922
17708
24644
1809
54277
7998
7348
156
1728
6039
2289
9435
50841
61610
20222
28704
10091
23866
35392
30345
27267
13044
1484
5111
30775
23670
156
51570
6900
34757
13110
25226
3128
8144
46556
2716
1520
4142
2770
637
35024
49513
10860
5813
13524
4099
5518
11769
25105
10736
16937
18333
4983
6179
17786
30120
18275
32021
268
1377
55379
52091
177
63043
916
13354
51802
26460
3216
6990
33544
3319
52471
24980
17048
24737
19382
57538
7113
21874
23546
26183
3281
7963
13853
752
66547
68485
6336
48523
6260
7032
69943
9389
1927
32633
57314
7159
67633
30983
18395
11132
56230
16165
1157
2493
14440
48696
72281
20935
53146
32332
64282
33507
38938
16748
7559
65170
594
28038
11888
13037
180
14791
19904
768
34903
41546
658
6914
46307
72548
2485
38227
4640
11929
13973
21861
2352
10576
18356
2407
2055
79919
29477
13537
8959
5137
25414
59093
73469
11565
6456
40141
44043
2189
56196
12367
15879
21487
12253
1904
27856
54655
5443
35717
2210
26659
7470
62548
28678
32090
15018
33042
7021
47818
16964
26664
5397
34669
87336
5964
15549
32591
54387
30289
9645
32019
36022
64269
76547
60710
8367
2545
65157
39777
65150
20919
91579
56128
2033
1317
45111
5066
7109
66344
25086
55504
1329
37407
7487
30934
69486
215
14421
8302
20932
3271
25057
8854
215
38348
50004
61589
67896
65334
65993
11851
690
7384
3840
23892
922
988
65012
40562
81802
61748
3102
15465
4018
1258
24850
4573
59000
17945
37222
25086
5675
852
12947
40775
96642
2447
1431
1980
57265
85483
47745
2837
43282
63167
23491
33328
66317
69866
77046
582
9510
36423
18669
19616
342
43661
935
4767
45626
82241
81157
44188
55814
7770
16683
34729
24737
51285
85279
7380
56571
60812
71365
40253
2972
741
46541
48556
22731
20822
7129
9372
12357
63873
61196
41852
348
1362
4095
678
21919
47725
348
5796
18587
11273
6514
1267
75938
918
1236
105357
15267
100778
75074
31664
512
1700
12742
102887
106895
19225
8624
3642
572
1111
96059
18301
3950
42351
87584
34703
29731
15643
57928
229
8035
16615
14116
10859
5456
6195
75066
16848
13555
13606
4117
6600
1709
8827
9514
39288
23432
6636
12476
5541
9453
87980
4192
103100
39474
57622
1691
32589
21881
11903
24585
10000
73801
683
92653
63434
32628
110005
27137
65166
2076
56534
97169
30801
14696
5563
3712
29916
38308
101471
69207
25162
4907
11683
94134
14802
39248
107172
11091
15201
21403
116334
7368
642
6854
18353
57386
90788
5330
10253
3636
3530
31876
17822
2434
38959
115469
21298
21133
3834
107768
39346
5855
99527
19123
8258
2650
15669
50143
68884
48783
43815
28987
66936
43750
54120
58687
3716
243
35002
109241
6444
2472
82471
76254
14662
7016
94030
6266
36325
9177
47165
4591
16088
41484
18171
63759
6362
43399
20931
93841
37045
5508
42772
10013
24111
10133
109437
21287
2129
127171
426
1878
41595
27399
4117
3050
3304
46759
64464
6342
61744
65970
29766
67963
4083
8923
78725
29246
71987
9884
34728
94486
10344
52706
138560
17851
40972
52325
13303
121323
3420
434
57977
3566
54752
45719
10704
98530
15451
67043
80521
92718
88542
2447
3420
32440
57184
38749
18397
19272
144040
107255
24387
512
127542
13212
28676
28221
44848
7178
87506
125296
37717
109577
265
92228
35998
6763
47830
65647
7189
16128
43880
114726
14346
124701
35015
15088
27552
1605
4573
1059
25319
37327
65819
11306
32453
100189
12886
11987
2094
13211
27361
66412
16960
12840
43578
100964
18002
70698
150111
1532
8404
32707
111950
13784
5698
30214
130999
27773
16490
97078
697
56665
124933
6040
25415
31760
703
141921
133315
142876
14394
14170
19218
9975
20408
830
14598
11107
11710
447
21930
15930
4639
13312
33983
35161
9258
34785
47993
136054
890
15075
61215
30016
50805
114954
61568
55509
32789
275
23582
14956
116342
95978
5464
65899
59565
116676
52740
159622
11517
58495
2035
64769
124932
54868
38466
105431
2289
3235
28586
13079
5532
3738
43595
5208
138220
57772
1891
68633
79552
154132
123344
72722
6320
88489
8784
1577
12465
27834
28526
7776
23128
13287
61092
5274
115202
8834
4016
484
6039
68270
48046
3275
35006
78530
19818
129943
41634
154703
32706
15490
65479
489
13655
142444
15761
51095
143596
27048
30337
23778
21187
26310
21299
136176
31565
10704
4145
18450
36264
115350
10963
57252
4669
16345
39128
29126
281
18632
29304
118026
13486
137831
157149
102060
4385
128636
1116
3370
9927
13609
51675
4173
59243
58243
10258
28911
3230
4017
57499
11328
78304
10514
38227
84808
66238
5485
42982
43471
1391
4224
51340
22236
129798
8896
43768
134257
10485
27408
291
7246
43998
96549
42783
7268
45169
2459
159905
36020
14831
69855
59633
136595
28488
37027
5262
32164
5553
70125
21737
68202
102886
10755
143027
55880
163680
14168
520
122485
58493
62853
113293
5421
56800
34586
53900
38719
154317
11625
76011
1438
140883
160708
72648
6545
75900
8856
46249
45615
35650
35125
34901
22321
49109
43732
86257
824
52468
53351
113607
27638
101651
74327
23537
2302
173799
41689
41394
8412
15322
541
5174
43986
5747
140256
9994
13141
1324
36176
29925
46514
30757
50032
12024
9976
55443
21427
16780
6740
3645
82998
7219
51765
112718
1502
19427
126390
179029
143928
69106
140642
52910
309
155115
85497
9843
35720
6985
83474
63868
2077
42402
106208
19512
4293
164190
88936
22976
27623
63251
2330
5813
1334
84820
1509
99982
3937
1602
128793
67746
47264
6271
3163
21061
131314
126268
90439
39913
57511
4778
175152
58542
23709
147706
4979
2447
15532
84572
81898
145512
3191
5237
46948
14678
70828
10112
93454
52551
121514
96897
50069
23129
23739
179210
586
4253
7391
17883
85039
50389
7602
86654
3003
79592
52774
60407
112321
2886
4515
120449
6112
24910
101380
27482
55319
16185
82306
26706
14853
10951
58453
6642
5334
177687
60143
56640
2864
17771
9978
61472
59567
2909
39283
82526
2605
15800
16650
5061
12488
4711
33517
54805
27005
21536
149423
146645
180205
134785
3084
176534
165066
138226
36230
51901
118566
195889
85910
198656
28553
19005
132408
72105
160237
2287
76010
353
164093
135179
110728
4832
41879
101741
17355
11178
129657
195132
55288
51166
33119
177984
86153
86580
97736
172989
100989
360
35127
59402
19019
22975
177613
82651
137505
63773
62009
33030
54078
74677
567
47113
4460
103185
79552
80799
182403
51502
169710
15250
73397
372
10226
16024
36946
28953
40166
38447
135105
112248
171489
10239
120088
134901
92245
170490
148908
116546
82291
14242
42506
3613
19393
97645
207416
31357
19652
143472
18850
2839
127039
128936
79018
69026
60200
6942
35728
19299
186171
185240
118740
30105
38903
166848
73963
44137
118598
11261
21998
14018
13549
46749
111647
49382
16213
35118
23810
52695
1836
84691
18430
162459
24280
121847
1439
1061
57049
9382
27959
46683
5229
157380
3895
53016
103268
30269
114558
109743
22475
21794
163206
162355
191154
4587
214017
202281
165314
112868
89255
87056
12022
58581
47205
5201
185954
10667
193575
2610
34279
18660
6942
7248
793
25588
219179
1897
34548
4748
156599
208219
178443
10501
57584
127197
15916
5941
6836
104812
131802
74542
184679
182008
211029
71100
15901
31996
2308
50033
135687
7214
692
28324
64675
69476
62816
124273
10115
19660
22649
65808
133841
9852
40089
79538
55432
28008
177502
3317
10428
1498
35591
6253
50390
136771
35142
169925
1707
121783
54462
1896
156408
14724
98669
95413
32354
12142
429
31036
94129
693
138851
132377
37955
1480
5652
233298
144305
156550
3411
55109
1161
15202
87796
85691
101089
187967
150063
11509
81708
175532
7191
13691
29070
248
3687
95647
111617
170300
74725
63374
106490
42724
40695
70553
66270
3328
11655
93071
14883
99476
2777
45319
29601
2092
7510
158700
64152
3756
29083
134616
14527
79112
8821
54271
16803
31950
61357
110889
182897
156481
11270
9656
37592
147359
159174
188954
47619
103906
148463
139896
105233
19846
14280
46473
161575
113888
71863
247554
96331
5303
185779
49112
35706
78114
140861
96733
137589
15646
53960
15962
57755
5613
48844
26747
61720
1646
24112
165595
125654
241133
140874
1232
64867
47677
1395
5857
142781
170367
146159
15452
131363
135225
210520
90928
153700
121522
39402
250202
219289
16007
194320
230606
6569
229541
6526
252632
17278
6094
120843
7151
189982
247276
209547
30479
14475
46731
191256
17874
49599
144493
33865
59549
7969
51484
103208
199742
129235
258055
7742
56414
15714
65778
23464
243824
125450
131330
14945
36986
86088
113443
8430
112455
230102
11186
75795
45674
20275
3723
2070
9607
50575
64426
96635
945
6011
47264
125849
98270
77047
6990
4336
85233
32131
74624
33321
61642
3144
24877
49313
98129
108723
70286
56251
51957
40785
107619
215388
163928
27799
29397
6424
224583
81572
81970
27879
102596
32122
50353
135534
19251
200029
1290
1501
169927
118585
16841
44434
24748
100139
47831
114404
96949
126669
40218
101038
37963
186137
70163
31882
43480
22922
109174
240334
252822
146478
32252
210530
29057
130636
34476
47549
102696
19003
72959
228842
114714
3086
139516
40247
133538
56823
22550
2487
214851
139842
64937
8267
116473
39602
110399
142019
59322
6656
139029
19671
67040
42494
120847
17882
205461
26622
77085
43188
8297
277094
2398
34181
212709
211541
72292
92392
15683
104389
212284
83052
107490
264794
3742
172195
143807
18775
119357
164442
226942
56117
14460
4079
6747
12326
245728
2398
7633
3944
161861
5792
70766
247844
99515
91416
35072
155680
45540
24635
16042
12330
221938
1387
74608
226579
8068
15897
70098
25098
2975
13713
42087
83225
29041
57183
46925
257386
209003
132599
44023
216844
144612
75398
135426
278374
19327
25215
1607
14917
102669
247944
12628
34032
6920
47334
282723
12330
74322
11771
207500
8591
179625
46834
11442
153625
4896
188456
269250
3465
193684
52363
1404
280678
531
242322
222077
210971
17149
214257
3120
91082
95811
7942
16497
13949
164812
98615
271036
81493
13096
21911
187890
11090
167291
43340
37658
11967
230952
44257
8622
110803
131633
54578
7800
156346
84080
127625
104696
3875
77793
291929
85108
49400
224689
142920
170492
14777
13394
6196
12201
136279
239369
152795
41968
12042
28913
115836
181914
220890
49569
93408
86576
5838
16424
138188
177994
209110
168328
1464
2556
113273
108697
270264
55378
19722
104867
64020
3679
19210
253513
66153
21759
210149
19294
3474
281600
180260
283331
5561
124445
65476
42113
1825
123910
108926
557
222228
246669
45256
24089
9110
285557
183360
8623
65766
293161
53251
69491
187701
56950
55101
24505
159019
41621
227077
100587
78768
1505
3209
30636
256556
139673
229527
17886
67688
109227
123078
73481
10117
66527
64605
46493
272888
16330
21142
165597
304244
2091
97320
8022
298995
245464
106925
78235
91375
232343
66063
229475
23528
51364
58225
203904
2383
46200
1775
2722
192128
170094
273508
3640
41308
34432
79073
68325
17099
968
28583
32649
15623
10166
13619
23492
210537
5006
38104
43599
57329
58610
158702
38953
18876
2019
43342
36184
7714
139452
16864
22005
6217
221317
17259
35682
233712
222435
184047
30978
34271
102244
51987
19881
8513
153736
6229
193203
73501
298694
47313
202889
52843
32378
43257
231557
44790
86785
204372
9481
51319
211525
23591
72087
9239
28216
31335
22384
72443
230513
9214
148317
6123
4689
241503
164496
67442
291824
33979
6487
16341
37505
99617
141953
76939
113640
8161
23189
250645
323879
1634
104361
246086
188543
34077
67353
39886
55903
194935
26573
162680
254777
136230
95562
1013
54959
24350
151015
74631
267486
91918
317915
330831
152941
23029
16646
229875
13432
8994
43698
54005
222651
84775
33493
118277
4889
50226
188982
74472
7701
152542
121806
206896
19829
49231
288141
34992
206699
21861
89881
6561
1021
214698
59652
19710
117018
21805
6610
114083
73358
33787
37496
49396
1675
250779
262295
41227
129159
16808
4073
46858
109433
663
70898
46518
25280
34468
114903
281528
46388
80418
89872
29721
1975
11065
138993
5153
44025
90888
170608
110687
19554
8098
183246
16790
90803
293878
87188
133732
101832
202410
129364
47945
181485
239316
109601
1786
147989
25404
2365
125456
231041
34188
50856
30881
184132
344380
67483
216066
102070
56208
74002
151527
174980
26137
128265
226628
22898
1694
141209
64277
162599
80999
19340
299709
197777
8016
52107
97444
61645
8510
116283
58896
152767
68524
71498
60735
127296
80934
331049
71867
278410
146039
168267
335385
218935
296351
149630
346048
15215
9726
18174
90305
112430
120125
24921
11525
145925
36651
83539
3502
68168
74562
169521
192861
232025
87745
153834
169420
180243
303288
116009
40673
134171
62831
205065
87121
350977
1351
246064
125218
97253
83011
147620
112991
24727
3874
4165
58039
241776
117960
61395
88227
162795
5074
40947
213003
31127
14582
104621
35888
347898
81954
249467
5822
272542
169051
18673
349222
50871
139358
53244
3752
125851
210175
116258
686
235668
45799
31987
112488
19943
135871
153727
111729
204830
119751
1750
96583
298255
167156
179387
156202
175621
260997
147123
130491
183771
107780
291815
53015
53612
186922
104202
187750
288881
176162
11418
31431
708
33853
63068
68589
269063
33705
19960
319327
192679
13774
8429
145828
90013
26224
60641
40384
17948
165783
50789
90544
15085
49504
14422
256850
142512
224154
2187
32892
129391
6636
89064
35466
178215
215672
170442
15568
12545
16794
58078
321095
9693
204147
38158
49571
275723
83214
21215
64800
294852
92243
140424
255546
156264
171463
303607
122215
35584
32517
162450
222554
123887
3336
222850
16792
229787
48536
69673
299772
9411
51382
21427
357200
53206
298121
47919
104332
3106
89856
97876
123755
1937
30685
268986
153929
188812
3041
11075
16633
53262
128967
101740
45515
15235
137596
362175
145583
3355
34071
28233
272292
141621
22579
28119
53976
261151
293258
151351
148463
17457
143754
3974
26953
59842
28250
34692
38135
321192
96781
83562
155464
173458
159651
5149
759
15525
217711
213210
73241
225095
73241
80217
120526
115154
5805
47932
12980
61680
11356
23061
170367
48375
60014
126301
356988
176368
147599
29704
15710
85631
296489
310392
37898
145834
242109
133250
1532
117165
92155
370366
50010
368958
133646
81535
135191
2717
10101
168020
3523
181540
224609
24604
1977
23080
74349
65448
1987
220812
133061
12573
177611
234672
49431
166680
52016
177929
12877
73847
4833
7980
34600
30314
116458
12733
5675
378107
1103
173138
88201
1220
22862
12208
44053
242571
225115
275248
64747
315652
1573
146262
128206
114201
236024
81990
2761
57637
6075
61891
282641
31986
378784
63589
384320
138259
154530
42735
215167
17318
81941
296431
55597
70236
146008
253826
167638
361054
119954
24259
61925
102753
370630
4904
262661
88343
231205
302112
28812
625
256313
168256
31977
108571
100712
96571
46115
195875
291535
106970
20628
112316
16679
221530
54272
113160
5856
250504
272392
212767
37202
391370
47570
95694
89375
324315
258600
59107
5322
43942
101307
55695
90435
17990
42007
3647
17987
347634
399995
151282
33905
245816
237233
183065
347545
14041
327417
40313
23111
151301
44072
9205
280577
124882
162703
338456
31377
139035
66916
9751
242082
47066
6070
43990
63315
304629
374556
4974
63729
12387
174351
374868
44457
77839
367953
120932
276082
171795
85755
50254
146279
4526
22947
97453
306601
166173
24541
81656
302559
42015
2072
103559
30310
18249
7240
4437
300493
216711
83451
188978
14226
15681
201675
297388
39411
271415
176723
97352
318343
142780
99162
12804
21564
78439
169035
51076
249918
372777
9460
323261
44985
16585
49904
14841
260951
24503
137724
81493
12056
220097
10353
102235
204904
32917
31814
129175
14815
17518
18481
233607
61544
56780
238365
18382
103255
261487
5943
9296
30884
87362
30916
30936
25038
370662
214823
244675
56556
140301
274540
266407
93122
325833
299853
202594
33600
60714
283636
305585
99197
36602
48881
115274
25184
18512
59343
281948
31255
368685
289406
102214
385899
4917
180776
25862
75859
101227
320489
140677
16969
6641
144193
172699
7971
379218
365957
24698
213716
92848
21447
47159
151678
18681
23011
1339
805
9405
158595
171508
74444
98752
115744
71274
10850
60390
163870
245513
4642
126869
34834
6290
84895
6450
2296
242712
146655
240511
243607
29831
104064
6285
172833
346435
841
284024
29923
345919
35367
37925
81361
79369
48008
183100
63370
87039
23545
45251
44862
130566
173893
322330
9901
101624
184150
177194
235438
336127
83477
56249
380236
104853
95339
64154
41904
20235
177385
323881
2726
31311
95064
155381
1381
159698
126224
1381
101106
311491
186136
131319
166826
62607
236455
251554
147583
336100
52526
145484
312048
81992
158476
61727
70270
67430
27171
392157
140926
89371
104735
21395
132390
104697
8409
3425
146203
238666
143937
241630
146917
30344
32454
858
23545
143211
6498
216418
50811
26902
377304
43298
25738
83167
31502
105983
17146
112595
99323
9623
225240
84480
217815
110649
50139
19153
65670
92175
338466
8423
185289
85123
39280
29532
200853
13081
1869
261522
6641
54155
125959
87021
214979
97948
78871
376573
10898
28670
107371
88089
35768
10359
172610
22604
302999
236171
31222
29846
88716
224561
21981
224632
401013
21338
74924
384619
18905
340703
330321
191366
143594
443841
189970
47947
87072
67699
170602
19495
15150
369281
150087
44712
129770
117500
3355
165958
3210
263520
37892
310365
9594
57980
365086
199802
373968
325777
79159
45000
84263
87573
154029
91161
190671
242393
69139
11418
78939
149781
90883
258185
80847
408471
362475
99557
153776
123358
34782
171365
24711
128938
330110
67153
165094
317504
17118
280859
178296
35924
24038
52574
392910
87256
314453
342656
122694
6181
251970
74846
339651
46612
3590
174315
22094
89809
268934
62099
248220
27641
219924
217051
350186
220991
6104
84181
45606
57687
2491
282012
235852
100477
52502
459999
403121
182000
224735
1932
92561
336545
270905
51362
200732
6663
78820
191171
238179
216126
310884
29769
128801
341381
266107
297393
42642
101312
209329
154627
165737
72804
52515
371861
4024
97631
79060
3425
152127
306443
47489
450189
153995
139765
194494
167381
3732
116922
59169
15292
178617
15764
54976
248755
140010
81107
121678
408192
349211
200595
47569
331722
3752
26401
82468
425051
335123
105411
6841
382320
259449
405810
186403
401612
83876
100163
134458
201243
59301
49452
67305
87545
80583
429948
76463
71742
110082
58500
323800
89881
292557
9434
15927
7512
27082
170315
39119
143915
38960
18556
207279
327522
56761
17765
367263
264520
2425
3781
143191
34556
42644
155121
12690
207207
344303
109201
74352
300065
165964
176833
338582
114844
332461
411680
34285
12239
1527
47241
46516
205341
332867
300647
42814
101739
23018
30667
227125
95634
1527
191271
274378
1531
13271
162498
134395
167586
43287
173322
13001
226020
224397
100879
20775
74923
104284
73641
335902
27382
178151
2015
251693
428557
85427
232041
438467
230455
233189
398623
5979
67848
33702
211606
335990
22723
279715
399951
32661
181911
154503
447439
244079
387288
47774
295423
16785
80831
278129
183429
244892
126696
107874
30382
287331
195511
296178
182526
917
114061
11867
328592
341882
14401
75694
320017
388400
415887
7185
296541
325909
437848
11227
234836
106820
917
43488
35993
136297
243104
917
186076
64066
17635
11347
90476
122719
407287
33255
423232
318537
5818
289758
487274
208103
227550
13883
247019
255868
149435
467471
353662
137694
149434
7230
319112
7885
355306
408686
133551
123736
300927
3612
419021
73301
92159
361185
38583
125226
304362
126518
97555
365432
96054
113708
367107
288318
114919
142260
17814
92260
10428
483082
134919
15667
292489
2711
14943
230885
7932
104750
230985
7318
121462
3782
112279
81914
437406
90394
275425
400911
384220
10517
471872
87441
501051
407085
450631
175133
30575
236407
470367
7346
73430
184723
110160
221265
28601
95378
11458
143651
12790
248882
274927
44548
4808
105603
317768
348224
410613
383872
35435
11624
138857
198427
96952
358076
219828
58553
495068
188019
28727
94309
310237
508055
6809
94236
326456
20367
123687
18051
85402
264962
114700
275165
224688
43597
116217
323710
35697
266670
451341
90265
217792
151422
292889
27914
71643
957
432866
25293
82225
13166
25984
78626
448655
64275
353587
114463
1604
181226
58396
6457
131395
331587
83423
76715
22384
288516
14878
48380
256276
67751
62806
110435
5548
192434
405809
101858
196311
72865
491102
359893
185306
1613
436485
375349
387337
125055
22338
45602
300821
27000
25935
21500
59965
323771
34968
165931
309613
61284
287482
17347
58462
69030
68968
2379
157980
5888
417476
340432
183029
249824
196905
272131
153977
50242
156579
181303
43000
121180
93370
77782
29608
52788
127172
115451
314292
207253
271236
59650
152859
76786
313112
78636
92482
358883
333066
122759
162888
49738
463895
3690
62045
219675
115714
157960
6698
6555
90149
29877
18256
166612
175807
230163
7468
32762
73976
156926
56216
416450
70479
47664
515058
258099
186360
49551
125140
41419
305147
38364
384065
124888
242565
338634
15497
7479
4253
29678
190317
425493
35073
265406
39946
165978
7721
243147
429701
70377
138352
344260
365722
362744
295998
18148
148796
52280
33344
264048
93411
48818
366000
13798
40395
193247
315554
175638
110363
125950
167405
433924
61801
273461
60593
322288
1015
54200
25016
30144
9934
165639
464897
106177
414673
19754
413655
253177
5657
91582
120541
303749
1015
276666
436477
93460
105842
67690
63194
178224
226344
345780
242960
99797
414313
35851
102837
54971
226963
400498
6089
39728
129850
88886
54021
216065
154228
34735
1712
290441
122888
428278
13168
18178
24599
101597
94739
18212
185787
20949
143325
398607
357743
5181
2853
269946
1021
59871
81709
63775
50333
162512
519279
375323
46831
222474
543099
512855
7494
201915
463640
141244
47454
457843
92226
11111
276574
85098
22252
439637
8114
182224
360407
310162
162908
173212
150193
55936
23839
247809
5027
417309
7978
163503
84508
100860
5856
272664
396721
142249
208677
282298
80078
14112
2767
358955
158546
94528
370296
526007
119503
119631
150810
1028
197417
112787
42266
150256
41355
16738
242722
5027
430911
48715
211646
213155
38833
234175
135579
156541
398777
257085
89221
6899
427879
190429
10306
450316
38545
51723
89366
51044
37910
3403
299187
91372
257666
57397
5489
393523
31514
70410
7411
50218
82188
33080
213928
1043
48733
3913
129931
286182
25748
176387
346901
31514
96877
214305
327167
541276
432460
237783
360700
56682
152627
11197
3502
56554
155230
14476
38344
118458
6565
29857
1052
197104
252401
86615
49113
7434
6425
90596
150307
4079
422163
5995
149481
88912
191733
57610
53433
46218
95013
6720
56492
85901
26690
477271
12339
326180
45624
352001
232205
315576
142851
160785
76848
121988
114639
218521
79576
51958
470260
6600
146420
5385
418424
401559
124245
427010
124255
64066
289524
49306
297820
151192
5190
271088
47477
124198
251961
9232
321164
496644
36094
324723
85451
261737
31772
197325
384131
28541
5736
296817
20562
225474
43085
227435
64511
4124
318515
76649
209485
4569
31848
401320
21039
20643
362727
37126
116455
112979
184719
301737
352450
199369
157684
3097
32266
16044
163743
339912
8384
29034
98827
126596
107564
270253
84303
498976
226460
236047
9113
216788
41411
121171
22223
185878
165651
378655
12551
124750
341266
37092
149108
442428
260443
525393
463671
23512
14436
137351
43565
26558
24958
141884
64970
265518
116303
235414
357478
126405
3230
403948
16081
12571
50942
363517
379994
251410
65787
97579
150131
35669
132190
11012
32797
381895
63977
87181
249899
381180
490072
326651
121631
142436
4363
120255
380278
1121
103712
7907
5550
304974
69819
520525
115010
110108
93208
88874
94057
57381
8532
40621
163321
393472
55549
249082
231001
83045
283606
342379
25512
562530
96135
174209
391649
112960
10936
214454
396168
340910
156622
397490
107386
29558
488319
330799
2424
136348
58505
104285
486370
351720
24620
3309
5454
14140
232864
41548
73590
242772
24469
464165
66154
169013
84173
30764
5627
376701
84748
20508
510728
86519
99790
7502
4146
174761
153713
59698
241871
125302
364606
8463
135952
450695
328683
417750
11071
4343
271695
397525
374306
420417
76129
291288
355584
153171
47365
60977
12444
259141
272364
175579
548573
146293
69698
24860
260319
518590
65218
25579
112907
302108
4600
31302
359005
60917
328495
234618
229241
22465
219819
