8542
8 5 2 1 7 8 9 3 6 1 7 10 4 10 7 8 1 7 5 7 10 10 6 8 2 9 2 4 4 2 1 4 7 4 6 9 7 5 8 7 1 1 1 1 7 1 1 10 4 8 1 2 4 9 5 8 6 4 10 1 4 4 7 9 8 3 6 10 4 9 7 5 10 5 3 2 7 10 6 8 9 10 7 10 6 8 4 10 10 8 1 1 3 6 1 3 10 3 6 6 
1
58 67 6
1
69 73 9
2
9 20
2
77 98
2
20 66
2
14 50
1
79 98 6
2
24 40
2
4 23
1
56 92 9
2
64 92
2
9 97
2
12 14
2
71 86
1
51 82 9
1
12 22 9
2
43 48
1
59 100 8
1
40 77 9
2
63 90
2
3 62
2
60 65
2
63 73
1
18 54 7
1
80 91 10
1
24 62 5
1
31 81 8
2
4 42
2
40 52
2
14 22
2
96 97
1
62 74 2
2
87 97
1
36 80 1
1
68 97 10
2
75 77
2
39 75
1
36 96 10
2
36 59
2
2 63
1
54 86 10
2
90 94
2
20 94
1
79 88 9
2
24 82
2
90 92
1
26 76 6
1
22 34 8
2
77 81
1
81 89 5
1
14 33 8
2
98 98
2
9 44
1
97 99 7
2
5 73
1
55 86 1
1
61 66 10
1
24 67 4
2
17 63
1
28 46 9
1
7 93 10
1
76 80 4
1
35 36 6
1
27 82 1
1
68 81 1
2
10 49
1
37 95 10
2
61 84
1
21 33 7
2
9 9
2
11 79
1
82 90 7
1
13 94 2
2
51 67
1
99 100 9
1
47 78 6
1
63 88 6
1
83 97 9
1
35 74 9
2
58 84
2
2 100
1
82 96 1
2
45 75
2
82 96
2
23 56
1
14 59 8
2
32 48
1
73 81 1
2
73 100
1
13 30 8
1
84 88 9
1
38 77 4
1
46 74 8
1
4 65 3
2
5 39
1
100 100 3
1
18 25 7
1
89 96 7
1
64 73 2
2
42 43
2
18 51
2
28 34
1
23 85 8
1
54 58 5
2
57 91
1
64 88 7
2
45 65
2
60 76
2
27 52
1
11 31 2
2
48 57
2
71 79
2
27 60
1
78 99 6
1
89 96 2
2
5 48
1
35 90 10
1
90 90 9
2
23 81
1
27 50 3
2
18 45
2
58 63
2
85 86
1
94 99 2
1
40 43 6
2
42 85
1
41 90 5
2
61 69
2
22 37
2
36 91
1
27 75 5
2
71 87
1
14 91 9
1
67 74 8
2
77 94
1
89 89 10
2
6 29
1
16 70 6
1
91 95 3
2
83 89
2
22 63
1
79 80 8
2
3 24
2
29 80
1
47 50 4
2
48 77
2
73 96
2
76 93
1
64 75 9
2
85 91
2
73 77
1
34 77 7
1
57 74 10
1
39 61 2
2
20 58
2
18 44
1
3 60 9
2
49 94
1
27 57 9
1
73 89 2
1
2 22 8
2
11 55
1
52 65 8
2
89 93
1
12 28 1
1
71 94 10
2
70 94
2
93 96
2
13 86
1
92 99 5
1
13 68 10
1
33 93 3
2
4 72
1
60 99 7
2
87 97
2
55 73
2
96 96
1
99 99 8
1
16 63 8
1
86 90 7
2
76 91
1
50 97 8
2
29 92
1
11 21 2
1
5 99 8
1
56 80 4
2
58 58
1
52 86 10
1
61 73 3
2
92 100
1
10 47 1
1
42 90 2
1
12 67 9
1
96 97 1
2
45 57
1
31 82 3
2
84 92
1
63 86 10
2
70 79
2
79 92
1
91 91 6
1
33 49 6
2
65 69
1
90 92 2
1
47 58 5
2
57 77
1
53 76 7
2
42 93
2
70 97
1
51 52 4
1
13 36 8
1
72 84 3
1
20 84 7
2
41 60
2
10 62
1
33 95 8
1
42 81 2
2
88 91
2
9 100
1
46 55 7
1
68 70 10
1
43 53 6
2
46 93
2
44 46
1
85 98 7
1
70 70 6
1
85 95 8
1
50 51 5
2
39 58
2
47 68
2
69 99
2
77 98
1
59 84 1
1
86 98 4
1
13 75 9
2
63 73
2
37 74
2
61 71
2
13 88
2
85 85
2
40 42
1
5 23 6
1
98 98 7
1
99 99 8
1
67 88 6
1
83 84 5
2
18 33
1
34 80 2
2
57 75
1
66 95 1
1
60 80 7
1
27 42 4
2
83 100
1
9 25 7
1
21 67 8
2
16 77
1
41 81 5
1
47 75 1
2
17 43
2
77 96
2
13 49
2
41 50
1
58 82 6
2
28 82
1
33 55 1
2
74 89
1
12 56 2
2
41 81
1
56 79 9
2
34 91
1
71 87 3
1
19 62 1
1
48 56 10
2
42 84
2
74 87
2
16 54
2
23 74
2
91 92
2
19 27
2
91 96
2
57 71
2
86 89
2
50 63
2
75 86
2
45 47
2
96 96
2
63 92
2
67 85
1
45 67 8
2
87 100
1
28 49 6
2
20 56
1
6 47 2
1
69 92 1
2
24 83
2
19 46
1
68 89 3
1
48 50 1
1
14 75 10
1
89 96 3
1
28 69 2
2
45 70
1
88 99 7
1
23 44 2
2
24 28
1
97 100 4
1
97 97 6
1
49 57 3
1
66 68 6
1
11 56 3
1
39 64 1
2
96 99
2
4 58
1
58 92 8
1
5 30 2
1
33 55 1
1
78 82 3
1
49 85 2
2
66 73
2
84 97
2
37 90
2
83 98
2
81 81
1
79 97 10
2
51 83
2
94 100
1
69 77 7
2
23 28
1
32 46 3
2
63 96
1
38 78 7
2
50 95
1
86 96 2
2
26 75
1
62 77 1
1
74 78 10
1
78 90 9
1
65 96 6
2
57 82
2
32 64
2
95 100
2
6 12
1
1 82 1
2
34 71
1
75 85 1
1
4 100 3
2
49 87
2
35 90
2
31 39
2
90 93
2
71 94
2
97 100
1
69 74 2
1
25 60 3
1
8 88 10
1
74 100 9
1
68 81 8
1
42 65 1
1
26 90 8
1
2 70 2
2
34 61
1
66 86 7
1
29 82 6
1
27 71 2
2
23 81
1
57 94 5
1
64 80 8
2
50 92
1
9 46 6
1
35 78 2
1
76 85 10
2
18 65
1
81 84 7
1
93 97 9
2
32 64
1
23 60 9
2
58 75
1
19 71 5
2
42 67
2
36 96
1
68 90 2
2
65 100
2
26 48
2
48 70
1
68 78 10
1
40 94 2
2
10 56
2
33 94
1
11 36 1
1
22 37 4
1
48 63 8
2
57 85
1
20 39 6
2
21 45
2
67 100
2
24 44
1
3 9 10
1
63 79 10
2
98 98
2
96 100
2
21 63
2
65 81
2
69 78
2
43 80
2
97 100
2
39 94
1
10 26 7
1
31 53 5
1
18 46 2
1
66 89 10
2
11 20
1
25 29 9
1
93 95 3
2
10 78
2
19 44
1
100 100 1
2
63 85
2
62 66
1
57 80 1
2
69 87
1
44 81 10
2
87 93
1
94 100 6
1
21 100 6
2
51 66
2
58 65
2
94 95
2
13 68
2
34 87
2
16 61
1
87 93 3
2
93 96
1
71 71 8
1
77 82 9
2
93 98
1
81 87 9
2
100 100
2
35 49
1
92 94 6
2
42 88
2
77 99
1
29 66 4
2
85 93
2
92 95
2
82 87
1
28 71 8
2
80 87
1
78 87 10
2
71 91
2
4 35
1
77 96 10
2
73 87
2
28 36
2
52 68
2
2 5
2
13 99
2
3 64
2
62 69
2
60 90
1
86 92 3
1
32 38 1
1
60 64 7
2
2 31
2
35 65
1
73 98 4
2
19 91
1
96 96 8
2
93 96
2
51 81
2
83 86
1
37 40 9
1
21 61 4
2
5 81
1
13 68 9
1
100 100 6
1
39 71 1
1
20 54 1
1
3 95 4
1
35 37 6
1
34 49 2
2
88 91
1
92 93 9
1
21 54 6
1
2 62 4
2
42 64
2
15 65
2
55 74
2
18 81
1
38 40 8
2
72 85
2
3 85
1
65 65 8
1
80 94 7
2
46 99
2
95 98
2
47 78
1
5 41 9
2
50 87
1
43 65 6
2
77 90
1
48 67 8
1
62 93 2
2
77 86
2
30 47
1
96 97 8
1
58 80 8
2
93 100
2
62 75
2
97 99
1
3 84 9
2
26 73
2
7 59
2
32 68
2
61 83
2
24 49
2
40 91
2
9 22
2
97 100
1
88 100 4
1
51 79 10
1
67 92 1
1
45 66 5
1
82 98 10
1
79 90 10
2
41 77
1
34 39 3
2
22 35
1
43 51 3
2
98 100
2
67 75
1
77 98 10
1
65 66 9
2
65 95
1
96 96 2
1
80 87 2
2
83 96
1
73 91 9
1
90 90 7
1
66 80 7
2
90 100
1
98 100 5
1
22 47 4
2
34 48
1
91 91 1
1
79 95 10
1
31 72 10
2
96 99
1
70 99 6
1
17 45 7
1
65 74 10
2
77 81
1
53 78 6
1
21 40 4
1
33 77 2
1
13 88 10
1
94 98 10
2
19 20
1
98 100 2
2
17 31
2
48 72
1
63 96 3
1
99 99 9
1
51 97 1
1
26 41 9
1
85 89 6
1
26 62 7
1
18 41 9
2
67 95
2
4 35
2
88 88
2
72 85
2
53 78
2
82 83
1
15 65 1
1
18 28 3
1
42 71 1
2
47 90
1
90 99 10
1
26 54 5
2
84 84
2
47 64
1
12 77 10
1
35 38 8
2
40 61
1
18 91 3
2
76 82
2
53 54
2
51 65
1
3 92 5
2
63 86
2
42 69
2
46 84
2
92 99
2
44 74
2
92 94
2
69 92
2
93 97
2
90 97
1
63 76 8
2
85 95
1
29 56 3
1
25 88 6
1
35 89 5
1
15 29 3
1
95 99 4
1
32 59 1
1
81 98 3
1
94 96 5
1
36 51 1
2
39 85
2
19 84
1
32 80 4
1
12 76 1
2
50 76
2
4 74
1
74 89 3
2
42 54
1
43 96 6
2
23 81
2
35 93
1
38 76 6
1
18 31 9
1
97 97 6
1
76 77 3
2
65 73
2
91 91
1
87 87 5
2
86 88
1
98 100 10
2
38 70
2
32 98
1
21 65 3
2
66 91
1
92 95 1
2
87 87
1
80 85 10
2
82 99
1
49 89 4
1
81 93 3
2
83 85
1
52 84 5
2
57 93
1
38 59 4
1
60 100 1
1
19 87 3
2
57 89
1
56 85 1
2
66 92
2
100 100
2
30 43
2
15 83
2
27 46
2
10 21
1
100 100 8
1
9 94 1
1
15 71 2
1
78 88 3
2
75 91
1
19 43 6
1
94 96 2
2
12 64
2
1 52
1
5 94 5
2
9 97
2
58 82
2
34 58
2
37 40
2
72 96
2
51 62
2
66 80
1
75 81 2
1
1 22 4
1
50 96 9
1
99 99 7
1
86 89 10
1
63 93 3
2
79 100
1
8 48 8
1
35 99 7
1
99 99 5
1
61 73 4
2
61 96
1
71 88 2
1
15 46 2
1
99 99 8
1
64 76 3
2
24 75
1
45 65 6
1
54 71 3
1
46 72 10
2
30 55
1
95 99 6
1
27 52 1
2
80 84
2
51 86
2
72 80
1
64 67 2
1
3 32 5
2
100 100
2
77 88
2
86 95
2
37 51
2
73 93
2
4 12
2
65 67
1
95 100 6
1
58 61 10
2
91 95
2
75 100
1
89 100 6
1
25 38 10
1
29 80 9
2
43 73
2
57 66
2
47 51
2
34 52
1
48 66 3
2
82 86
1
21 88 4
2
81 85
2
12 54
1
30 80 1
1
79 89 5
1
83 97 5
1
16 82 10
2
61 85
1
26 61 1
2
39 92
1
47 86 9
2
75 88
1
72 77 4
2
24 83
1
45 96 3
1
13 54 2
1
59 90 2
1
40 59 5
2
85 97
1
35 90 5
2
22 36
1
60 76 4
2
20 57
1
100 100 7
1
98 99 4
1
56 71 9
1
38 81 9
2
48 78
2
61 84
2
20 100
1
69 76 3
1
56 76 10
1
99 100 7
1
79 96 1
1
50 90 6
1
81 97 9
1
65 99 3
1
77 88 4
2
84 91
1
83 97 6
2
56 90
1
21 40 6
1
61 91 7
2
1 81
1
38 78 1
1
98 100 7
1
17 22 8
1
94 100 5
1
76 77 9
1
14 77 7
2
3 84
1
29 91 6
2
70 90
2
10 93
1
67 93 4
1
84 87 5
2
50 100
2
76 89
2
43 67
2
18 32
1
71 98 6
2
43 60
2
67 70
1
26 61 9
2
6 47
1
65 83 3
1
5 60 9
2
58 86
1
94 100 8
1
37 73 6
1
64 97 2
2
11 79
1
2 76 3
1
71 74 10
1
77 82 10
1
25 76 4
2
78 80
2
15 44
1
30 83 4
1
100 100 4
1
57 90 9
2
20 56
1
46 74 8
2
47 68
2
99 100
2
50 56
1
8 67 1
2
37 74
2
56 92
1
29 45 10
1
9 18 1
2
43 87
2
83 84
1
7 30 7
2
39 78
2
11 66
2
40 62
1
94 98 6
1
40 76 10
1
1 27 10
1
25 54 8
1
51 78 10
2
65 70
1
68 77 1
2
9 59
1
66 88 7
2
21 96
2
94 94
1
16 78 10
2
32 43
1
31 66 2
1
30 96 9
2
29 47
2
45 91
2
62 69
1
51 51 6
1
60 98 4
1
51 76 10
2
68 99
2
73 88
2
26 73
1
48 74 8
2
4 99
1
100 100 10
2
68 68
2
59 89
2
1 40
1
78 79 1
1
87 97 10
2
22 88
2
69 76
2
71 96
2
44 78
1
95 97 10
2
60 89
2
24 91
2
96 100
1
96 97 1
1
11 15 9
1
87 92 4
2
95 98
1
55 79 8
1
92 100 5
1
82 86 3
1
58 89 10
2
31 85
1
75 97 2
1
76 92 6
2
63 76
1
33 45 3
2
78 95
1
31 37 2
2
71 93
2
62 89
1
34 98 4
1
98 98 2
1
79 80 1
2
2 13
2
30 98
1
54 79 10
1
94 99 5
1
51 88 5
2
9 28
1
23 80 1
1
12 73 7
2
77 85
2
100 100
1
39 96 7
1
58 62 7
2
95 99
1
92 95 3
1
47 78 10
1
26 74 4
2
71 76
2
83 85
2
65 73
1
88 90 9
2
20 80
1
14 60 7
2
21 99
2
59 78
1
7 7 3
1
95 96 1
1
9 24 1
2
9 54
1
89 93 4
2
42 53
2
19 52
2
24 66
2
47 77
1
41 69 9
1
44 60 6
2
28 60
2
46 59
2
95 98
2
59 63
1
14 46 3
1
64 78 3
1
63 74 3
2
61 98
1
39 95 10
1
6 54 10
2
63 87
2
100 100
1
22 26 2
2
13 76
2
86 98
2
35 71
2
52 64
2
39 65
1
83 94 2
1
81 100 2
1
74 87 8
2
58 60
2
85 100
1
21 58 6
2
40 89
1
98 100 10
1
16 35 8
2
93 99
1
37 39 3
1
34 100 2
2
95 98
1
71 85 4
1
76 78 6
2
80 84
2
49 51
2
97 98
1
75 76 3
2
14 60
1
28 78 9
2
42 98
2
80 95
2
39 45
1
95 95 5
2
54 66
2
90 98
1
89 94 7
1
77 83 4
2
86 94
2
14 34
1
74 98 2
1
88 89 10
2
65 92
2
82 100
1
9 10 6
1
100 100 1
2
69 86
1
47 59 6
1
17 100 2
1
30 90 9
1
99 100 3
2
58 74
1
14 17 4
2
37 42
1
34 68 9
1
77 80 4
1
35 72 4
1
12 98 9
2
86 95
1
19 78 9
1
16 64 7
2
42 59
2
62 94
2
63 79
2
47 76
1
82 84 9
2
99 99
1
80 98 9
1
58 96 3
2
89 90
1
2 46 5
2
18 78
1
39 85 7
2
41 95
1
92 100 1
2
100 100
1
49 73 7
2
29 98
2
45 45
2
18 37
2
18 74
2
54 77
2
88 92
2
74 80
1
65 85 5
2
49 79
1
74 82 1
2
60 62
2
30 82
1
75 95 4
1
97 100 3
2
69 100
1
3 12 5
2
69 85
2
65 89
2
14 42
2
25 84
2
38 45
1
38 59 9
1
11 49 3
2
69 92
2
61 82
1
97 99 1
2
2 47
2
84 87
1
58 97 4
2
62 68
1
56 94 6
1
80 92 5
1
42 93 7
1
7 52 2
1
8 71 6
1
41 48 8
2
62 73
1
57 94 2
1
89 95 7
2
32 32
1
33 52 4
2
27 99
1
80 94 6
1
21 59 7
1
86 86 1
1
30 81 8
2
7 86
1
19 62 8
1
21 72 9
1
17 69 9
2
14 25
1
7 63 10
1
45 63 1
2
43 87
1
51 62 9
2
87 96
1
22 76 7
1
55 74 9
1
28 69 7
2
41 47
1
13 81 1
1
79 88 9
1
33 49 7
1
69 79 2
2
14 86
2
51 58
2
95 99
1
58 92 3
2
53 80
1
82 82 6
1
81 84 8
1
75 92 1
1
91 94 3
2
33 85
1
10 71 6
2
75 81
1
88 90 8
1
3 29 9
1
57 95 1
1
61 77 10
2
19 85
1
38 71 5
1
74 93 2
1
77 95 4
2
46 71
1
69 99 3
1
50 58 7
2
60 74
1
42 52 2
2
64 72
2
37 87
2
72 87
2
97 100
1
18 34 2
2
67 68
1
80 95 10
1
52 65 4
1
46 58 3
2
15 35
2
25 70
2
22 93
2
53 69
2
45 94
1
50 78 4
1
41 67 9
2
62 92
2
3 76
1
11 78 5
1
36 82 4
2
7 51
2
54 87
2
65 78
2
60 65
2
32 92
2
92 92
1
71 72 3
2
66 93
2
72 82
1
38 69 7
2
20 36
2
100 100
1
16 91 9
2
76 91
1
28 73 10
2
21 43
2
98 100
1
12 90 5
1
28 64 2
2
55 83
2
42 75
2
21 21
2
9 23
2
24 66
1
63 88 4
1
36 99 3
1
80 86 9
1
22 25 1
2
16 85
1
58 62 8
2
10 16
1
54 86 8
1
51 65 7
2
7 54
2
83 87
2
80 93
2
65 75
1
5 63 2
1
32 90 8
2
38 56
2
91 94
2
75 84
1
41 77 10
1
81 88 3
1
4 91 6
2
24 43
1
20 26 2
2
2 13
2
22 24
1
99 100 3
2
19 95
2
17 49
2
29 42
2
85 97
2
87 93
1
99 100 6
1
39 56 5
1
29 50 6
1
70 91 1
1
67 90 5
1
7 87 5
1
13 71 2
1
97 100 6
2
54 72
2
14 70
1
69 77 1
1
50 58 7
2
13 82
2
72 81
1
54 76 4
2
51 55
1
40 97 4
1
92 98 1
1
68 80 1
1
29 90 4
1
64 76 4
1
70 84 6
1
64 78 5
1
80 94 10
1
66 76 7
1
95 96 9
1
64 93 5
2
61 100
1
84 87 2
2
47 80
1
51 99 3
2
93 96
2
40 84
2
60 68
1
27 98 8
1
93 95 9
1
100 100 7
1
65 74 4
2
75 89
1
95 95 10
1
77 77 8
2
75 100
2
78 89
1
54 85 4
1
91 97 3
1
46 51 6
2
86 87
1
34 44 6
1
90 96 7
1
50 57 9
2
30 54
2
24 70
2
87 93
1
59 91 1
2
60 88
2
79 80
1
76 83 9
2
41 61
1
13 47 8
1
25 96 10
2
24 32
2
9 70
2
64 86
2
67 97
2
70 81
2
43 67
2
32 38
2
12 60
1
2 18 1
2
78 96
2
40 60
2
28 33
1
39 95 4
1
26 72 5
1
64 78 5
1
52 74 8
1
91 100 2
2
49 73
1
46 49 7
1
43 99 7
1
21 62 9
1
94 95 6
1
16 24 4
1
73 74 9
2
16 95
2
86 92
2
33 46
1
61 83 6
2
58 81
1
49 90 1
2
25 69
1
19 70 3
2
2 45
2
86 100
2
28 55
2
65 98
2
36 85
1
48 59 2
2
10 80
2
1 67
1
5 71 5
2
86 96
1
39 43 3
2
48 49
1
88 98 10
1
2 79 6
1
95 96 6
2
30 80
1
96 99 1
1
62 88 5
1
34 58 3
1
62 68 10
2
20 56
2
29 79
2
33 50
1
37 63 3
1
94 95 4
2
14 100
1
6 23 2
1
78 83 2
2
43 84
1
4 24 2
2
85 86
2
92 93
1
93 100 1
1
29 80 2
1
54 79 9
2
35 68
1
52 100 10
1
91 98 9
2
84 88
2
77 82
2
39 89
1
92 94 5
2
55 71
1
65 87 2
1
41 46 7
2
32 73
2
94 95
2
10 51
2
65 69
2
3 45
2
23 78
2
100 100
1
13 27 4
2
28 41
2
71 76
1
3 53 7
1
5 68 10
1
5 59 6
2
18 40
1
66 99 5
2
94 100
2
39 57
1
65 74 1
2
74 80
1
69 97 7
1
63 73 7
2
100 100
2
4 50
1
27 41 6
2
52 88
2
28 74
2
28 79
2
42 91
1
95 95 10
1
36 82 4
1
95 97 5
2
29 78
2
79 89
2
94 94
2
76 81
1
5 71 3
2
76 78
1
83 91 4
1
89 96 2
1
63 82 9
1
53 87 5
2
71 90
2
89 89
2
87 87
1
34 70 3
2
44 93
2
53 80
1
57 62 4
1
35 38 8
1
66 87 6
2
20 85
1
81 93 3
2
27 73
1
65 68 7
1
80 90 2
2
93 97
2
81 98
2
93 100
1
8 58 4
1
95 95 10
2
95 96
1
20 71 1
1
89 96 2
2
68 86
1
39 62 6
1
57 61 8
1
18 24 8
1
30 66 7
1
5 93 8
2
60 62
2
5 63
1
33 34 10
1
32 95 7
1
78 84 1
2
7 33
1
18 83 2
1
86 86 10
2
55 79
2
47 63
1
60 90 9
1
7 37 8
2
82 86
1
71 88 9
2
97 98
1
54 55 6
1
55 83 2
2
74 83
1
19 22 3
1
66 95 3
2
52 78
1
5 61 9
1
10 26 6
2
9 92
2
95 99
1
21 22 2
1
56 82 7
1
57 78 5
1
87 93 8
1
97 97 9
1
18 65 3
2
96 98
1
46 47 10
2
5 11
1
13 44 10
2
28 69
2
27 91
1
96 98 1
2
37 69
1
75 99 9
1
30 33 6
2
50 51
1
11 92 2
1
72 87 10
1
79 81 9
2
62 95
2
19 68
2
53 67
1
63 97 1
2
66 90
2
46 94
2
8 69
2
2 73
1
26 98 1
1
57 78 9
1
13 45 4
1
57 73 6
2
96 96
2
87 99
2
58 81
1
60 67 10
1
93 99 10
2
76 91
2
70 83
1
73 88 7
2
99 99
2
15 54
1
85 92 2
1
79 86 1
1
89 99 6
2
90 90
1
64 94 2
2
69 71
1
58 60 5
2
44 73
2
36 99
2
30 88
2
63 99
1
72 73 7
1
14 52 7
2
25 66
2
89 100
2
14 33
2
54 75
1
53 55 7
2
75 98
1
20 24 1
1
54 68 3
2
55 90
1
81 81 3
2
27 89
2
80 85
2
55 98
1
66 83 3
1
29 83 4
1
91 92 2
2
19 66
1
17 91 6
1
3 66 8
1
1 53 1
1
10 77 5
1
41 42 10
1
13 53 3
2
33 81
2
32 60
2
92 95
1
53 63 4
1
47 70 9
1
66 87 4
1
50 60 3
1
79 95 6
2
19 19
2
20 57
2
48 78
2
53 66
1
63 81 1
2
71 85
1
52 86 10
1
65 83 3
1
92 96 4
2
2 19
2
26 34
1
6 80 6
1
10 74 6
2
3 25
2
22 68
1
79 90 5
1
68 80 8
2
49 89
2
2 49
2
99 99
2
80 80
2
8 16
2
9 10
2
12 36
2
51 80
2
99 99
2
75 78
1
5 56 1
1
73 76 3
1
56 94 7
1
35 67 8
1
19 99 1
2
8 32
2
86 100
2
12 21
2
97 99
2
34 84
2
97 98
1
3 79 10
2
4 8
2
10 94
1
8 14 4
2
77 88
1
68 95 7
2
9 88
1
10 28 4
2
25 76
1
36 76 3
1
29 79 9
2
63 82
2
97 97
2
61 61
2
82 93
1
96 100 4
1
77 79 3
2
1 88
2
13 97
1
5 36 3
2
71 83
1
36 49 6
2
81 87
1
46 70 2
1
95 98 8
1
84 87 1
2
94 100
1
95 97 4
1
53 95 3
1
59 89 4
2
99 100
1
99 99 2
1
99 100 10
2
5 8
1
86 93 10
2
9 83
2
80 97
2
91 95
1
92 96 3
2
61 88
1
59 81 3
1
48 69 8
2
27 86
1
63 67 6
1
55 99 6
2
65 87
1
39 97 7
2
73 98
2
57 65
1
34 61 8
1
25 59 3
1
9 30 10
2
11 59
2
100 100
1
41 70 3
2
79 84
1
58 67 4
2
81 96
1
56 71 9
1
17 95 2
2
58 65
1
73 97 5
2
36 43
1
6 96 9
2
92 100
1
44 62 4
1
90 98 2
1
68 87 6
2
89 95
2
28 76
1
77 90 9
2
75 86
2
44 52
1
3 14 7
1
42 90 1
2
83 95
2
91 95
2
81 85
2
91 92
2
44 49
1
94 100 3
1
46 79 2
1
89 96 10
2
73 78
1
21 86 4
1
25 48 3
1
1 40 8
1
40 52 8
2
42 65
2
3 34
1
52 70 4
2
6 18
2
58 64
1
42 42 1
1
40 54 6
2
92 100
1
54 85 7
2
88 99
1
72 88 8
2
37 95
1
86 97 10
2
88 91
1
62 89 9
2
25 97
1
66 68 7
1
85 94 1
2
26 54
1
89 99 5
1
59 99 4
2
11 58
2
96 98
2
67 87
2
67 79
1
42 78 3
2
33 41
2
77 98
1
67 93 6
2
26 34
2
47 94
1
100 100 1
1
98 99 1
2
96 96
2
35 97
2
4 60
2
38 58
1
23 83 10
1
92 92 2
1
79 92 5
2
4 89
1
29 56 10
1
54 92 4
1
18 20 10
1
13 39 6
1
29 46 6
2
76 100
1
28 53 7
1
86 87 2
1
17 25 8
2
16 63
1
44 47 2
2
96 99
2
43 75
1
59 82 2
2
14 81
2
41 59
2
79 89
2
91 97
2
67 68
1
81 99 5
1
59 86 8
2
14 41
1
16 80 7
1
33 85 10
1
80 94 5
2
69 96
2
22 88
1
95 97 10
2
37 77
2
45 59
1
91 94 7
2
93 100
2
22 32
2
32 91
1
36 57 7
1
39 47 7
1
82 93 2
2
59 66
2
64 87
1
92 100 10
2
15 88
2
20 30
2
39 48
1
3 53 1
2
70 82
1
27 50 2
2
8 94
1
61 69 3
1
45 49 6
2
89 96
2
99 100
1
20 83 7
1
53 74 7
2
73 76
1
16 41 9
1
41 87 10
2
54 63
2
1 55
1
40 97 10
1
40 88 4
2
40 98
1
90 90 3
2
88 92
1
73 89 6
1
93 98 5
1
31 33 9
2
83 90
2
91 94
2
94 98
2
64 81
1
24 46 7
1
20 58 4
1
47 74 7
2
73 83
1
11 36 10
2
96 100
1
10 38 3
1
40 52 9
2
64 86
1
74 77 8
2
6 89
1
4 68 8
2
16 35
2
40 52
1
54 92 10
1
27 64 6
1
63 91 9
1
37 78 9
1
52 91 9
2
15 19
2
16 85
2
19 48
1
44 61 1
1
81 81 4
2
7 17
2
15 79
1
82 94 8
1
65 70 10
1
64 72 6
1
88 90 10
1
23 91 3
1
40 85 1
1
54 76 5
2
66 75
2
89 97
1
73 75 6
2
33 34
2
10 28
1
9 49 3
2
36 64
2
40 77
2
64 94
1
48 61 5
2
2 46
1
46 91 7
2
61 75
2
52 89
2
22 52
1
8 83 4
1
19 68 1
2
60 91
1
14 33 4
2
53 84
1
59 72 7
2
91 94
1
37 83 3
2
100 100
2
52 69
1
85 97 1
1
16 74 10
1
16 73 5
2
23 89
2
78 81
2
94 96
2
48 99
1
64 68 9
2
32 74
1
84 100 9
1
58 86 7
1
6 87 7
2
84 96
2
89 95
2
40 95
1
30 43 5
2
80 83
1
86 95 10
1
3 97 5
2
65 84
1
34 70 7
1
1 35 6
1
31 66 9
1
75 83 6
1
54 61 3
2
50 54
1
60 68 6
1
26 67 1
1
46 58 2
2
49 72
1
20 85 2
1
36 47 3
1
72 84 4
2
7 15
1
91 96 9
2
81 92
1
46 81 5
1
16 25 2
1
36 95 5
1
35 76 2
1
58 72 10
2
62 83
1
33 71 6
2
71 80
1
52 72 6
2
22 61
1
56 72 7
1
74 83 2
1
87 100 7
1
98 99 1
2
21 26
1
29 85 9
1
86 92 4
2
59 80
2
48 58
1
15 84 1
2
43 98
1
77 88 8
1
66 84 9
1
90 97 2
2
53 70
2
50 52
1
66 71 1
1
61 82 8
1
68 88 7
1
73 96 9
1
73 84 2
1
83 94 9
2
67 91
1
94 99 7
1
16 58 5
2
31 37
2
45 57
1
64 98 9
2
83 89
1
77 100 3
1
91 92 4
2
34 98
2
35 47
1
100 100 1
1
73 86 3
1
58 83 6
1
34 74 5
1
12 78 5
2
64 64
1
75 88 5
2
4 89
2
99 99
1
74 95 2
2
76 76
1
56 64 10
2
15 46
2
18 39
1
43 54 10
1
12 65 6
2
20 23
1
9 76 5
1
50 70 1
2
84 85
2
95 99
1
53 75 7
2
66 92
1
17 53 1
2
48 79
2
61 63
2
58 90
2
1 56
1
31 64 6
1
72 75 10
1
45 81 1
1
86 96 4
2
73 90
2
55 90
2
87 89
2
86 92
1
20 72 1
2
24 68
2
7 36
1
25 55 1
1
2 99 4
1
13 23 8
1
36 46 8
2
12 60
2
84 90
2
63 79
2
39 88
1
15 71 10
1
69 70 4
2
21 29
1
31 70 7
1
53 82 1
2
6 49
2
5 99
1
20 75 9
1
3 39 9
2
70 78
1
21 82 9
2
54 72
1
69 74 8
2
34 61
2
47 53
2
9 83
1
90 92 6
2
39 40
1
87 99 4
1
96 97 7
2
99 99
1
10 85 9
1
98 99 9
2
14 53
2
78 79
2
65 98
2
15 47
1
69 81 9
2
69 73
1
100 100 2
2
43 97
1
56 61 9
1
32 86 3
2
47 54
1
82 84 7
1
36 90 9
1
29 96 9
2
46 77
1
54 59 5
1
41 69 4
1
9 13 8
1
52 60 3
1
11 20 10
2
51 92
2
26 74
1
81 97 6
1
12 30 10
2
38 81
1
49 75 2
2
96 99
2
95 99
2
35 52
1
90 96 5
2
3 50
1
10 41 5
1
30 69 5
1
58 83 9
2
39 58
2
12 29
2
52 60
1
11 65 5
1
47 91 4
1
80 93 8
1
20 37 2
2
3 98
1
51 55 5
2
39 96
1
80 81 4
1
74 97 1
1
86 89 10
1
74 82 2
1
32 88 6
2
69 80
2
98 98
2
11 85
2
68 73
2
5 34
2
39 53
1
41 93 2
2
60 80
1
81 84 1
1
51 61 4
2
79 82
1
57 91 8
2
18 67
2
20 88
1
57 95 8
2
67 85
2
39 98
2
100 100
2
32 77
1
39 45 4
2
24 46
1
14 81 5
2
91 97
2
38 61
1
70 75 8
2
6 54
2
86 90
1
75 94 9
2
85 98
1
88 91 9
2
67 89
2
35 95
2
72 78
1
55 96 8
2
15 84
2
35 53
1
73 81 3
1
88 91 4
1
67 98 6
1
21 58 7
2
80 88
1
69 71 3
1
55 86 8
2
71 84
2
85 85
2
63 64
2
93 93
1
97 97 5
1
41 97 1
1
60 65 2
2
72 84
1
8 61 4
2
74 98
2
26 61
1
18 56 2
2
77 82
1
53 86 7
2
38 54
2
43 93
1
84 93 4
1
2 78 7
2
82 89
1
30 74 3
2
8 22
2
93 94
1
57 81 6
1
17 65 3
1
1 81 10
2
87 98
2
21 39
1
40 95 8
1
43 71 8
2
60 93
2
4 25
2
72 77
2
20 47
2
1 68
2
45 53
2
21 60
1
13 39 2
2
3 98
1
96 100 3
2
96 97
1
34 60 3
1
15 21 2
2
34 38
1
78 84 9
2
60 73
1
11 17 4
1
24 64 5
2
6 73
2
14 26
2
28 31
2
78 100
1
76 88 3
1
71 91 3
1
85 97 7
2
27 96
1
45 76 5
1
23 29 6
1
69 82 5
2
64 75
2
73 80
1
56 73 8
2
41 86
1
55 71 7
2
97 97
2
56 80
1
29 32 8
2
33 100
1
73 81 3
1
59 61 7
2
49 51
1
10 94 3
2
53 63
1
6 60 5
1
42 71 3
1
94 99 1
1
53 98 5
2
65 78
2
97 97
1
19 25 9
2
2 88
1
25 64 8
1
2 24 7
1
28 41 7
2
28 100
1
27 61 10
1
45 49 2
1
22 39 6
2
3 88
1
100 100 6
2
79 86
2
67 72
1
59 98 2
2
62 69
1
62 94 7
1
71 94 3
1
79 96 6
2
88 95
1
92 93 1
1
92 98 8
1
2 97 9
1
61 78 9
2
44 53
1
1 11 8
2
15 15
1
90 90 3
1
74 91 3
2
65 70
1
54 64 6
1
51 59 8
2
72 76
2
10 22
1
43 94 2
1
33 37 1
2
99 99
2
74 84
2
85 96
1
72 89 5
2
91 94
2
87 97
1
62 72 7
2
48 62
2
28 47
1
64 93 7
2
90 98
1
68 79 7
1
7 77 4
1
28 65 2
2
72 89
2
3 43
1
8 94 4
1
54 54 8
1
83 84 3
2
11 84
1
12 88 6
1
5 70 4
1
77 87 2
1
30 99 10
2
96 96
2
82 90
2
15 52
1
91 93 5
2
20 39
2
55 75
1
62 94 10
1
62 72 4
1
19 24 3
2
17 75
2
62 90
2
53 75
1
9 25 8
2
50 63
1
27 55 6
1
80 89 8
1
55 66 7
1
59 87 1
1
80 100 1
2
100 100
2
72 82
1
43 83 7
1
2 94 9
2
58 63
2
31 84
2
31 74
2
36 38
2
55 82
2
2 48
1
23 75 3
1
41 59 2
1
39 66 9
2
40 95
2
43 65
2
7 99
2
84 90
1
55 66 5
1
7 9 3
2
52 75
1
69 74 3
1
77 84 9
1
64 74 9
2
79 79
2
63 94
2
21 81
2
66 92
2
50 65
1
73 73 7
1
70 92 7
1
15 63 10
1
69 79 3
1
16 57 3
2
46 95
1
86 100 1
2
19 20
1
45 61 9
1
14 73 7
1
42 62 1
2
95 98
1
97 99 3
1
79 85 1
1
64 85 9
2
78 94
1
64 91 8
2
87 96
1
3 53 8
1
27 72 2
2
89 92
1
20 95 9
1
56 73 1
2
91 93
2
73 98
2
90 93
2
30 97
1
79 90 4
2
37 62
1
68 89 7
2
38 38
2
7 52
2
21 61
1
89 95 2
1
95 99 3
1
87 99 9
2
8 90
1
80 99 9
1
21 68 3
1
96 97 6
2
15 76
2
60 93
2
45 47
2
20 64
2
91 99
2
8 10
1
37 69 4
2
88 97
1
41 88 2
1
10 22 7
1
32 47 9
1
95 96 6
2
41 53
1
34 95 6
1
26 95 4
1
58 73 10
2
31 45
1
65 92 3
2
92 100
2
33 44
1
25 27 8
2
81 87
1
89 99 1
2
66 96
2
65 66
2
44 99
1
80 83 3
1
25 63 3
1
32 81 7
1
82 87 9
2
25 30
2
15 18
2
99 99
1
61 68 1
1
12 57 6
1
15 95 1
2
4 14
1
17 79 8
2
14 53
2
45 64
2
30 31
2
51 64
1
18 94 5
2
10 56
1
99 100 5
2
52 59
1
15 52 1
2
13 77
1
49 62 9
2
57 72
1
68 87 8
1
84 91 8
1
70 87 4
1
20 41 2
2
15 91
1
36 85 8
1
46 46 1
1
19 19 4
2
78 97
2
75 81
1
2 25 9
2
63 92
2
99 99
1
18 64 5
2
74 79
1
45 69 8
1
14 59 1
2
2 80
1
58 89 3
2
17 28
1
3 61 2
1
30 70 2
2
68 91
2
22 88
1
60 80 4
1
84 88 5
2
21 37
2
45 57
1
44 47 5
2
63 71
2
62 69
2
78 91
2
83 96
1
88 88 5
2
3 77
2
10 34
1
52 66 10
1
5 55 2
2
65 68
1
1 71 5
1
12 88 4
2
95 100
1
38 38 3
2
26 36
1
11 25 2
2
72 88
1
42 89 2
1
50 64 3
2
16 71
1
50 52 10
2
89 97
1
73 75 6
1
28 79 9
2
55 76
2
17 20
1
45 52 5
2
82 90
2
66 81
2
41 53
2
100 100
2
57 63
1
38 52 2
1
80 86 10
2
35 48
2
42 93
2
64 68
1
87 98 2
2
31 92
2
6 87
2
33 75
1
94 94 4
2
78 79
2
33 88
1
79 99 4
2
95 95
2
9 13
2
88 94
2
9 22
2
44 64
2
95 100
1
86 90 4
2
13 48
2
26 54
2
89 96
2
64 74
2
94 96
1
80 95 8
2
94 97
2
15 48
1
1 55 7
2
75 79
1
51 100 10
1
51 59 8
1
71 84 1
1
77 78 7
1
37 57 9
1
67 72 4
1
73 88 9
2
52 82
2
12 21
1
67 76 2
2
68 83
2
8 57
2
28 58
1
10 23 3
2
90 93
2
42 59
1
40 47 1
2
20 44
1
23 23 3
1
31 69 4
2
91 91
2
2 11
1
78 79 6
1
74 99 7
1
9 43 1
1
71 91 6
1
22 54 6
2
15 45
1
8 30 8
1
2 82 2
1
53 54 9
2
70 78
2
29 84
1
86 86 9
2
78 81
1
72 79 7
2
31 51
2
37 97
1
50 55 9
2
38 42
2
79 93
2
100 100
1
53 72 10
1
58 93 3
2
92 98
2
62 78
2
18 64
2
59 74
2
91 96
2
24 47
2
93 94
1
78 82 10
1
87 95 2
1
55 95 5
2
10 88
1
97 100 2
2
65 78
1
72 91 7
1
91 99 8
2
72 77
1
52 52 1
1
14 22 4
1
3 60 4
1
70 88 8
2
26 58
2
58 80
2
30 88
1
19 55 9
2
28 42
1
30 48 7
1
45 46 5
2
35 51
1
66 80 4
2
71 72
2
72 85
2
94 100
2
54 80
1
13 96 10
1
61 78 10
2
65 72
1
65 79 8
2
34 62
1
30 47 9
2
16 65
1
85 85 9
2
10 20
2
29 90
1
31 76 2
2
50 70
2
17 93
1
70 93 2
2
86 94
2
99 99
2
44 98
2
39 62
2
31 58
2
23 72
1
67 99 9
2
9 15
1
15 76 4
1
66 79 8
2
67 91
2
45 58
1
84 97 1
1
32 45 1
2
69 93
2
33 50
2
8 83
1
29 92 3
2
88 95
2
61 93
2
98 100
2
19 81
2
22 95
2
19 55
2
40 42
2
40 69
1
76 93 8
2
80 83
2
74 100
1
77 93 3
1
79 85 1
2
40 58
1
41 76 2
1
76 88 7
2
71 85
1
88 92 7
1
44 80 3
1
7 92 3
1
44 44 9
1
79 95 8
1
6 97 7
1
19 20 3
2
64 76
1
95 99 9
1
20 76 6
1
7 83 8
1
31 33 4
2
2 33
2
84 98
2
52 69
1
18 50 6
2
23 45
1
99 100 3
2
20 60
1
29 47 9
2
97 97
2
30 53
2
38 59
1
55 65 7
1
10 56 2
2
13 67
2
3 29
2
54 99
1
82 97 1
1
88 94 2
1
56 57 5
1
2 81 3
1
7 26 6
1
75 98 1
2
58 86
2
34 44
2
81 81
2
10 93
2
58 72
1
66 70 5
2
54 68
1
41 43 10
2
67 69
2
37 43
2
99 99
2
92 95
2
73 93
2
94 100
1
90 90 3
1
24 64 2
2
10 76
1
83 95 2
1
68 88 2
1
89 94 3
1
26 51 5
1
99 100 10
2
91 100
2
80 85
1
26 90 10
2
93 93
1
53 76 7
1
99 99 9
2
55 67
2
28 42
2
18 43
1
25 27 5
1
81 95 6
2
62 72
1
99 99 1
2
54 71
1
42 60 4
2
88 95
1
9 15 1
2
84 88
1
64 74 5
1
16 53 2
1
7 47 10
1
56 63 5
2
69 93
1
87 94 5
2
79 88
1
30 42 3
1
7 48 7
2
57 62
2
81 83
1
7 14 4
2
88 89
1
64 81 9
1
78 100 3
1
38 84 5
2
45 75
2
90 94
1
21 51 1
1
16 65 3
1
61 88 4
2
20 46
2
49 95
2
98 100
1
53 59 6
2
68 74
2
36 85
1
13 26 6
2
13 97
2
8 76
2
35 62
2
35 92
1
4 70 10
2
66 86
1
34 55 9
1
88 91 8
1
64 97 9
1
19 95 6
1
27 89 1
1
61 85 9
1
63 94 5
1
78 99 3
1
88 96 10
2
100 100
1
19 88 2
2
1 79
1
80 87 2
1
32 59 8
2
5 54
1
7 58 3
2
85 89
2
79 100
2
93 99
2
3 53
1
68 79 7
1
69 97 6
1
78 91 5
2
43 66
1
77 98 9
2
86 86
1
35 40 10
2
46 61
1
62 91 2
1
90 93 8
1
77 79 7
1
58 90 6
1
89 91 2
2
45 84
2
76 83
2
84 85
2
15 86
2
57 91
1
27 45 8
2
47 55
1
17 80 1
2
73 83
2
13 47
2
82 82
1
75 100 6
2
68 69
2
94 94
2
47 77
2
97 98
2
21 64
2
2 10
1
86 100 10
1
89 89 4
2
91 91
1
68 93 1
2
38 87
2
32 59
1
65 78 3
2
3 38
2
90 93
2
96 99
1
39 74 8
1
4 25 6
1
87 93 8
2
81 90
1
51 94 6
2
33 83
1
71 95 2
2
5 68
2
12 57
2
71 86
1
100 100 1
1
28 88 3
1
94 99 3
2
65 86
2
95 100
1
8 76 2
1
12 93 4
1
35 68 8
1
8 73 1
1
54 61 1
1
15 85 8
2
6 87
2
16 46
1
66 84 10
2
77 86
1
11 77 7
2
35 93
1
43 67 9
2
45 46
2
97 100
1
4 97 8
2
88 98
2
23 59
1
33 47 8
1
30 41 3
1
5 6 5
2
30 62
1
91 91 7
1
52 89 3
1
77 88 6
2
11 75
2
96 99
1
64 89 1
1
7 61 2
1
40 47 4
1
75 86 8
1
77 94 8
2
77 78
2
57 72
1
21 42 6
2
26 33
2
48 72
2
78 81
2
25 63
1
18 90 8
1
73 75 5
2
58 75
2
16 68
2
23 63
2
41 59
2
10 27
1
9 59 8
1
49 57 5
1
68 90 1
1
62 94 3
1
21 60 9
1
48 58 1
1
93 97 3
2
62 69
2
20 95
1
98 98 6
2
99 99
1
59 82 2
1
39 39 6
1
38 41 6
1
86 100 10
1
43 43 8
2
86 87
2
93 99
1
26 39 5
1
33 91 2
2
66 71
1
94 95 3
1
58 70 9
2
39 69
2
32 52
1
72 89 1
1
77 94 2
1
68 99 10
2
79 81
2
37 68
1
45 72 8
1
58 73 3
2
64 64
1
44 99 4
2
45 72
1
94 96 1
2
18 44
1
70 86 8
2
64 85
1
29 35 4
1
63 74 3
1
53 64 6
2
47 87
1
84 89 3
1
58 83 4
2
93 94
1
17 39 6
2
84 85
1
40 69 2
2
43 86
1
55 60 5
1
35 58 4
2
91 94
2
39 48
1
97 100 9
2
47 82
2
71 80
1
83 93 6
1
17 62 8
2
65 84
2
81 87
2
13 53
2
46 55
1
37 39 2
2
59 63
2
33 37
1
37 88 4
2
28 52
1
92 97 7
2
6 14
1
94 94 8
1
24 47 10
2
93 96
1
20 83 10
2
13 87
2
19 47
1
13 25 9
2
57 75
1
16 50 7
1
89 97 4
1
57 72 10
2
54 54
2
69 74
1
98 99 6
2
89 94
2
43 64
1
58 77 4
2
13 44
1
74 78 10
2
56 56
1
10 53 4
2
60 72
1
66 92 2
2
64 100
2
97 100
2
76 81
1
87 91 6
1
74 77 9
2
87 96
1
51 98 5
1
2 60 7
1
65 88 4
1
81 98 2
1
70 86 7
1
61 70 7
2
95 100
1
82 86 2
1
97 100 3
2
89 96
2
37 38
1
4 39 8
2
61 71
2
72 95
2
77 87
2
25 35
2
16 76
2
39 94
1
21 55 10
1
45 61 2
2
23 95
2
29 78
1
92 92 6
2
92 93
1
97 97 4
2
4 83
2
24 87
2
43 95
2
77 92
2
41 59
2
51 96
2
5 93
2
42 71
2
5 95
2
81 94
1
38 91 2
1
84 96 3
2
80 87
2
2 67
2
65 92
1
33 66 4
1
100 100 5
1
62 96 1
2
7 77
1
43 85 3
1
50 85 6
2
97 99
2
20 53
2
100 100
2
34 100
2
26 76
1
64 92 10
1
80 100 4
2
51 90
1
51 86 2
2
91 93
1
41 52 8
2
69 83
2
58 99
2
30 37
2
84 88
1
79 96 1
2
3 66
1
51 94 2
1
97 97 9
2
11 94
2
26 49
1
17 100 3
2
72 92
2
54 64
1
39 69 5
1
14 20 10
2
18 88
1
67 78 10
2
25 59
2
56 85
1
56 76 9
1
48 66 3
2
35 69
2
29 96
2
58 97
1
54 98 9
2
100 100
1
70 79 1
1
83 93 5
2
14 34
1
82 99 2
1
38 97 4
1
34 99 4
1
74 91 9
1
9 38 5
1
4 73 6
2
48 67
2
24 33
1
62 62 1
1
88 92 6
1
48 86 9
1
58 95 5
1
55 91 9
1
54 70 1
1
79 81 4
1
97 100 7
2
85 97
2
5 82
1
85 88 3
1
84 94 7
1
37 96 9
2
63 93
2
5 68
2
64 85
2
57 76
2
44 55
2
71 91
2
4 47
2
7 7
1
56 100 3
1
5 91 10
1
11 100 2
2
60 74
1
36 63 9
2
87 88
1
45 98 8
2
35 70
1
62 87 7
2
14 51
1
59 69 10
1
37 65 6
1
47 79 3
1
54 91 8
1
17 44 4
1
28 60 7
1
19 55 8
2
53 78
1
91 91 7
1
74 86 1
1
96 99 4
1
53 93 8
2
22 90
2
10 39
2
23 85
2
85 91
1
80 86 10
2
3 46
1
7 35 6
1
92 92 7
2
100 100
1
64 92 8
2
4 16
2
68 72
1
38 62 8
1
72 94 5
2
75 88
2
59 67
2
51 63
1
57 97 9
1
63 90 9
1
37 67 2
2
47 59
1
43 90 10
2
47 94
1
1 93 1
2
47 83
1
77 98 6
2
27 88
1
70 84 7
1
29 43 5
2
4 16
1
47 70 10
2
47 86
1
94 97 8
2
14 68
1
30 88 8
1
33 38 3
1
46 89 4
1
44 68 9
2
62 95
1
2 9 9
2
27 87
2
44 98
1
60 77 3
2
1 60
1
6 47 2
1
12 90 2
1
76 95 7
2
49 74
2
90 100
1
46 69 4
1
77 92 1
2
31 47
1
19 86 10
1
22 78 8
1
70 97 6
1
5 81 3
2
91 92
2
78 84
1
25 52 3
1
100 100 10
2
23 60
2
12 94
2
83 100
1
45 64 8
1
59 69 9
2
68 73
1
71 71 7
1
100 100 3
2
45 94
1
65 89 5
1
25 56 4
2
71 76
2
80 80
1
3 41 10
2
47 88
2
52 99
1
98 99 5
2
19 52
1
85 100 3
1
83 90 5
1
51 72 7
2
70 97
2
72 95
1
55 70 6
1
59 84 6
1
13 74 7
2
33 35
1
64 81 8
1
23 67 5
2
53 63
1
58 58 3
2
11 24
2
12 83
2
13 83
1
6 59 6
1
99 100 4
1
54 74 2
1
57 61 5
1
36 52 9
2
32 71
1
32 63 8
2
57 65
1
85 95 8
2
71 83
1
12 46 6
2
31 87
2
42 65
2
25 43
2
41 78
2
91 98
1
1 33 6
1
41 50 7
2
71 77
1
62 73 5
1
12 15 4
1
26 27 3
2
90 99
2
67 70
2
55 68
2
52 87
1
79 86 7
1
48 58 7
2
62 76
1
48 52 6
2
54 58
2
68 78
2
86 100
1
8 81 2
2
73 92
2
98 100
2
50 75
2
87 96
2
36 90
2
1 24
1
10 63 5
1
64 65 6
2
46 84
1
2 94 6
2
95 95
2
99 100
2
41 59
1
7 26 6
2
92 98
1
37 62 6
1
25 47 7
2
84 98
2
46 60
2
94 97
1
63 100 7
1
82 89 10
1
96 98 7
1
36 44 6
1
16 81 7
2
29 81
1
72 72 2
2
2 9
1
5 86 8
1
24 61 2
2
67 83
2
49 80
1
77 77 3
2
56 64
2
25 65
1
75 83 2
2
22 62
1
100 100 7
1
97 100 2
2
85 95
2
50 56
2
41 99
2
10 73
1
15 67 7
1
15 82 1
1
77 87 9
1
25 96 8
2
12 83
2
88 89
1
70 73 9
1
45 53 1
1
96 100 2
2
13 94
2
11 87
2
7 73
2
56 93
2
63 93
2
35 63
2
88 93
2
19 44
1
70 94 10
2
75 92
1
10 49 1
1
19 65 10
1
77 78 6
1
17 70 6
1
61 79 8
2
95 99
2
26 89
1
53 76 5
1
19 51 1
2
91 97
2
26 93
2
37 37
1
13 38 1
1
100 100 7
1
81 88 4
2
71 81
2
86 94
2
67 68
1
100 100 7
1
60 90 8
2
4 13
1
37 54 8
2
98 98
1
11 25 8
2
71 78
2
3 92
2
98 100
2
75 86
2
2 10
1
42 59 10
2
12 71
1
70 70 4
1
100 100 4
2
18 93
1
66 77 6
1
45 83 2
1
58 76 6
1
71 92 10
2
3 76
1
37 56 1
2
88 92
2
66 83
1
11 81 8
2
54 98
1
92 95 3
1
18 94 4
2
35 40
1
38 95 7
1
88 89 2
1
23 99 3
1
4 29 10
1
85 92 4
1
94 95 7
2
79 80
1
53 55 9
2
62 63
2
61 99
1
62 78 6
2
49 90
2
50 71
1
46 47 7
1
11 17 3
1
30 43 8
2
23 85
1
26 60 2
2
35 97
1
25 90 5
2
19 94
1
63 99 9
2
59 79
1
48 64 4
2
74 78
1
50 94 3
1
21 27 1
2
76 86
1
26 97 5
2
96 97
1
51 76 1
1
41 44 2
2
76 95
1
23 87 5
1
60 63 7
2
27 71
2
87 89
1
48 61 10
2
99 99
1
33 89 1
2
84 97
2
31 53
1
27 45 10
2
54 73
1
16 33 8
1
57 72 8
2
36 56
1
26 39 6
1
59 79 4
2
18 63
2
55 57
1
14 58 6
2
80 86
2
50 56
1
99 100 1
1
50 63 1
2
64 83
2
43 83
1
80 82 4
2
86 89
1
51 91 10
2
80 97
2
24 53
2
73 92
1
45 87 1
1
57 71 7
1
75 83 6
2
56 63
1
4 7 8
1
10 70 4
1
5 61 1
2
27 84
2
93 94
2
92 99
2
98 99
1
78 97 7
1
8 26 3
2
75 86
1
5 6 5
1
27 29 10
2
94 98
2
74 91
2
51 95
1
59 98 7
2
14 32
2
16 75
2
93 93
2
39 75
2
76 99
1
56 73 1
2
97 98
2
34 82
1
20 35 5
2
42 46
2
53 81
1
84 88 7
2
54 81
1
67 91 7
1
12 84 4
2
83 98
2
90 96
1
36 55 1
2
100 100
2
74 83
1
25 70 5
1
17 67 3
2
18 54
1
26 26 9
1
27 77 1
1
56 98 2
1
20 67 9
2
99 99
1
70 74 2
2
25 70
1
20 70 4
1
72 82 8
1
37 38 7
2
50 90
1
45 78 3
1
42 99 5
1
37 96 8
2
78 91
1
97 100 7
2
8 9
2
83 84
1
5 62 10
1
89 96 4
1
38 94 4
1
49 73 1
2
8 96
2
31 75
1
26 59 2
1
86 100 2
2
20 72
1
33 100 8
1
53 84 5
2
93 94
1
20 50 7
1
6 33 9
1
19 76 2
1
82 96 10
2
11 38
2
99 100
2
2 18
1
30 75 2
2
67 100
2
16 50
1
62 97 7
2
51 79
1
76 94 6
2
21 82
1
57 57 9
2
24 72
1
44 46 5
2
20 25
2
39 63
1
43 92 2
2
12 74
1
37 45 5
1
28 32 3
1
87 98 7
2
70 71
2
90 97
2
58 65
1
8 15 4
1
97 97 5
1
5 99 10
1
15 97 10
2
1 2
2
67 67
1
96 99 7
2
14 52
2
12 56
2
42 96
1
50 67 1
1
32 52 4
2
70 96
2
38 57
2
5 53
2
65 76
1
100 100 5
2
69 80
2
60 79
1
55 83 9
2
72 95
1
43 99 6
1
79 82 5
1
15 100 9
1
10 81 5
1
100 100 1
1
19 92 6
2
76 76
2
82 85
2
34 62
2
90 98
1
41 62 10
2
49 76
1
24 86 8
1
4 35 4
1
10 60 4
1
95 98 1
1
92 94 3
1
57 76 4
1
11 42 10
2
86 86
1
45 91 2
2
42 55
2
16 30
1
47 99 4
1
27 45 3
1
9 64 6
2
98 100
1
84 90 1
1
58 73 2
2
66 67
2
40 86
2
74 99
1
78 81 6
2
92 93
1
2 47 5
1
15 63 3
1
48 90 6
2
83 94
2
51 90
1
32 80 2
2
82 86
2
25 52
1
5 55 9
2
89 92
1
14 93 4
2
8 36
1
52 76 4
2
21 28
2
18 32
1
22 86 2
2
75 100
1
51 61 5
2
39 70
1
35 60 2
1
94 97 7
2
11 74
2
15 68
2
59 61
1
29 72 6
1
58 60 6
1
24 57 1
2
92 97
1
60 77 10
1
95 96 10
1
6 88 1
2
12 31
2
4 63
1
48 84 4
2
47 96
1
85 95 3
2
21 80
2
75 90
2
20 56
1
8 17 3
1
22 48 1
1
29 40 8
1
27 66 5
1
30 74 8
1
97 100 3
1
21 42 4
2
50 95
1
95 96 6
1
56 66 3
1
86 87 9
1
18 20 9
1
31 81 3
1
75 96 7
2
39 78
2
63 98
1
85 100 4
1
22 42 5
2
22 30
2
20 26
2
49 61
2
45 93
2
6 54
2
47 66
1
63 66 9
2
7 97
1
30 79 3
2
62 90
1
39 91 8
2
87 88
1
68 69 1
1
21 83 2
1
70 70 2
1
90 90 6
2
36 91
1
70 84 6
2
60 72
2
81 94
2
56 76
1
85 94 2
1
3 31 2
1
47 63 7
2
14 63
2
62 90
2
10 61
1
83 84 1
1
89 95 5
1
32 97 8
2
89 96
1
72 87 4
1
67 86 1
1
95 96 1
1
38 93 6
2
5 35
2
42 46
2
75 95
2
92 94
1
16 23 9
2
20 39
1
39 91 2
1
39 76 4
1
64 75 5
1
39 89 7
1
58 79 8
2
86 99
2
18 42
2
95 95
1
32 58 7
2
83 91
1
7 48 4
1
11 50 6
1
55 68 3
1
23 44 7
2
19 71
2
12 58
1
15 48 4
1
59 59 4
2
12 93
1
100 100 6
2
53 95
1
90 94 10
2
99 100
1
44 60 9
2
55 71
1
3 31 10
2
24 41
2
96 96
1
22 50 1
2
4 11
1
13 77 2
1
1 35 8
2
40 79
1
80 96 9
2
36 84
2
50 92
1
88 97 5
2
88 94
1
65 97 3
1
7 38 2
1
32 48 1
2
17 61
2
56 100
1
98 100 10
1
1 45 4
2
4 79
2
67 97
2
45 88
1
73 96 3
2
57 92
1
62 70 10
2
69 79
2
9 96
2
6 82
1
70 89 10
2
79 83
2
15 77
2
21 94
1
48 91 6
2
79 80
1
64 69 7
2
14 88
2
80 81
1
21 92 2
1
48 79 2
2
4 95
2
83 88
2
94 97
2
48 80
2
89 91
2
5 73
2
4 92
1
71 86 4
2
33 99
2
74 82
2
7 18
1
80 80 4
1
75 95 2
1
9 35 6
1
24 99 4
1
66 90 6
2
78 94
1
42 42 1
1
42 58 6
2
33 88
2
22 29
1
26 27 7
1
59 93 2
2
33 48
1
23 81 4
2
21 66
2
78 88
1
94 94 2
2
20 42
2
31 33
2
49 62
1
14 87 9
1
86 98 6
2
44 71
2
36 96
2
19 61
1
64 71 2
2
4 98
1
3 12 7
1
43 59 9
2
57 58
2
77 99
2
64 67
1
26 62 6
2
2 38
1
53 73 4
2
65 70
1
33 64 4
1
24 33 7
1
87 93 6
2
19 100
1
90 100 5
2
45 78
2
53 89
1
8 98 1
2
9 19
2
83 100
1
86 98 9
1
41 45 1
1
11 57 4
1
36 100 6
2
68 95
2
61 95
2
94 100
1
36 86 3
2
18 56
1
4 9 10
1
90 100 8
1
71 75 8
2
16 88
2
92 98
1
80 98 6
1
64 68 2
2
64 84
1
49 70 2
2
74 87
2
45 50
2
55 55
2
92 92
1
13 74 9
2
81 83
2
76 92
1
76 77 7
2
26 47
1
6 89 3
2
44 69
1
33 87 10
1
71 77 10
1
3 98 3
2
98 98
2
84 85
2
79 96
1
46 95 1
2
51 84
1
50 72 8
2
62 89
2
68 90
2
50 51
2
91 92
1
89 90 10
1
46 57 7
1
66 81 2
2
68 94
1
91 100 6
1
90 94 7
2
72 80
1
22 84 9
1
7 83 9
2
55 73
2
32 42
2
70 87
1
2 45 9
2
83 83
2
80 87
1
78 84 1
1
77 85 3
2
66 78
2
39 65
2
63 96
1
84 99 10
1
51 97 7
2
12 41
2
13 37
2
47 60
2
69 79
2
2 50
1
72 92 6
2
31 94
2
47 93
1
78 88 1
1
96 97 6
1
67 97 4
1
19 48 2
2
58 64
1
45 82 3
2
83 93
2
82 83
2
30 99
1
74 78 7
1
89 92 7
2
70 96
2
67 90
1
56 88 5
2
65 71
1
26 57 10
1
65 95 5
2
64 94
2
73 81
2
79 98
1
92 99 5
1
94 95 2
1
57 66 1
2
36 72
2
37 42
1
69 83 3
2
39 100
2
97 97
1
30 59 1
2
96 96
1
65 71 6
2
47 96
1
92 95 4
1
49 94 8
1
22 89 10
1
59 86 9
2
45 75
2
89 96
1
46 99 1
2
25 40
2
75 81
1
81 93 5
2
60 86
1
94 99 7
2
39 52
2
38 68
2
30 58
1
93 93 7
2
26 63
2
59 68
1
75 100 2
2
66 98
1
68 68 9
1
90 90 5
2
80 92
1
77 93 6
2
31 82
1
37 63 3
2
61 78
1
98 99 5
1
12 24 6
2
84 96
1
23 29 9
1
72 100 3
2
75 87
1
54 94 9
1
14 94 7
2
14 25
2
51 78
1
90 99 2
1
46 87 5
2
25 99
1
75 87 6
2
2 89
1
74 84 3
1
100 100 4
1
20 59 8
1
33 55 1
1
67 79 4
1
98 99 3
1
95 98 2
1
1 80 1
1
34 91 2
1
35 36 10
1
38 53 10
2
38 76
2
74 82
1
39 49 6
1
15 19 5
2
33 92
2
86 99
1
13 83 1
2
45 78
1
24 61 3
1
46 63 3
2
84 98
2
78 93
2
64 93
1
50 73 4
1
30 96 1
1
16 91 8
2
28 34
2
40 59
1
97 97 9
2
10 82
1
4 10 1
2
62 95
2
86 86
1
27 66 1
2
19 62
1
92 99 4
1
100 100 2
2
10 30
1
54 100 6
1
48 79 4
1
5 84 3
2
35 70
1
42 63 1
1
65 77 10
1
49 95 2
2
78 100
2
50 55
1
57 69 4
1
84 91 6
2
28 28
1
99 99 5
2
11 78
2
55 93
1
78 99 9
1
95 97 8
2
4 37
1
15 43 6
2
65 66
1
82 100 1
2
38 68
2
83 100
1
25 55 9
2
64 97
1
9 92 1
2
55 94
2
64 78
1
1 63 10
1
28 84 10
1
21 35 8
1
44 77 6
2
91 93
2
53 89
2
23 30
1
83 84 9
1
82 86 1
2
74 95
1
59 90 8
2
69 79
1
35 90 8
2
60 93
2
87 93
2
24 81
1
68 69 2
2
6 23
2
69 90
2
82 100
2
59 60
1
35 88 2
1
45 78 6
1
19 34 7
1
67 86 10
2
1 99
2
98 100
1
30 50 8
2
82 93
2
1 75
1
85 88 7
1
30 32 4
2
18 79
1
15 29 1
2
74 99
2
57 79
2
9 19
2
59 85
2
34 92
1
70 95 7
1
79 96 3
1
84 96 3
1
7 67 5
2
15 45
1
66 72 10
2
18 53
2
3 91
2
97 100
1
76 85 9
1
42 92 10
1
9 20 9
2
39 83
2
49 85
1
46 51 5
2
5 19
2
46 75
2
2 63
1
48 97 1
1
54 91 5
2
6 79
1
56 63 3
1
47 67 8
1
79 97 8
1
31 60 6
1
95 95 9
2
50 63
1
76 76 9
2
78 81
2
93 94
2
91 93
1
87 97 9
1
4 44 8
1
53 76 7
2
34 37
2
5 84
2
98 100
2
75 76
1
47 81 3
2
96 98
1
23 94 2
2
32 74
2
95 98
2
40 58
2
7 85
2
45 69
1
22 71 3
1
86 92 2
1
87 98 4
2
68 94
1
11 12 5
1
86 88 2
2
32 42
1
88 94 10
2
39 78
2
64 74
2
78 84
2
91 100
2
89 93
2
4 77
1
95 96 5
1
41 98 10
1
34 73 3
1
70 75 8
2
99 100
1
100 100 3
1
21 59 10
2
31 52
2
25 87
2
55 56
1
32 86 10
1
48 58 10
2
3 17
1
50 58 7
2
19 43
1
16 79 2
1
75 82 6
1
48 63 9
2
55 60
1
63 96 9
1
73 83 6
1
15 79 6
2
96 97
2
92 100
2
6 29
1
13 74 10
1
12 84 6
2
58 77
2
1 23
1
65 92 7
2
75 91
2
77 90
2
8 87
1
96 97 8
2
37 92
1
81 89 1
2
30 65
1
55 82 2
2
41 52
1
32 57 5
2
38 99
1
58 94 9
1
5 56 2
1
75 92 4
2
15 60
2
22 46
2
35 69
2
12 99
1
7 55 4
2
14 23
2
68 73
1
71 71 7
2
96 96
1
34 59 2
2
31 35
1
58 94 4
2
27 56
2
9 84
1
20 75 3
1
87 91 4
1
16 37 5
2
70 72
1
100 100 1
2
84 96
2
94 97
1
85 94 7
1
78 94 6
1
65 99 1
2
77 90
1
4 78 8
2
7 97
2
72 74
1
95 95 7
2
49 66
1
64 87 6
1
7 40 3
1
21 92 2
1
7 99 4
2
87 90
2
16 75
2
64 65
1
3 78 6
2
49 99
2
71 82
1
22 66 10
2
92 97
2
13 61
2
96 99
2
22 73
1
21 27 8
1
64 77 6
2
13 92
2
83 83
2
15 71
1
68 82 1
2
79 96
1
5 58 5
2
13 13
2
10 96
2
100 100
1
41 48 6
1
23 95 4
1
3 32 10
1
75 85 5
2
16 84
2
9 76
2
12 74
1
73 92 5
1
59 92 7
1
50 64 7
2
62 65
1
9 42 1
2
31 86
1
27 55 8
1
36 97 3
2
87 87
1
70 96 5
1
61 65 9
2
60 81
1
39 62 4
1
93 94 5
2
65 89
2
75 76
1
65 87 7
2
91 100
2
92 100
1
92 95 2
2
52 95
1
93 93 10
2
63 87
2
18 96
2
54 72
2
65 67
2
84 90
1
3 86 5
1
76 94 2
1
16 16 9
2
11 68
1
2 39 9
2
93 99
1
39 46 4
1
93 95 9
1
36 83 4
2
31 73
1
47 98 10
1
28 37 9
2
82 97
1
32 55 10
1
64 67 7
1
66 69 1
1
9 30 1
2
75 84
2
75 77
2
28 88
2
78 90
1
85 93 10
1
42 42 3
2
92 95
1
5 34 4
1
44 89 10
2
63 91
1
49 97 5
2
57 89
2
3 32
1
4 69 1
1
35 81 4
1
9 46 3
1
40 76 4
2
7 13
2
16 62
2
61 80
1
25 96 5
1
44 70 9
1
14 100 8
1
92 92 10
2
62 97
2
26 55
1
85 94 5
2
97 100
2
74 100
2
4 96
2
24 49
1
59 97 9
2
69 80
1
100 100 1
1
88 88 5
2
36 94
1
26 59 8
1
34 63 1
1
8 99 10
2
37 71
2
10 63
2
87 91
2
25 29
2
3 10
1
61 97 7
1
47 99 2
1
68 77 9
2
87 90
2
57 90
2
34 99
2
57 99
1
25 60 10
1
97 100 10
1
74 75 10
1
40 45 5
1
26 73 7
1
86 93 4
1
2 98 6
1
78 99 5
1
75 77 1
1
72 93 4
2
83 98
2
92 97
2
30 38
2
47 73
1
16 77 2
1
15 31 8
1
73 88 1
2
33 77
1
44 45 5
2
35 90
2
33 46
2
26 52
1
3 8 5
2
70 93
2
94 96
1
51 52 3
2
88 93
2
53 85
1
42 90 8
1
93 100 7
1
9 68 8
2
29 73
2
2 70
1
27 71 9
2
35 75
1
33 53 2
1
81 89 3
2
99 100
1
13 25 2
1
49 52 4
1
59 83 7
2
2 6
1
32 40 2
1
67 68 9
2
50 75
1
35 81 8
1
51 83 4
2
60 85
2
15 89
2
35 49
1
44 89 5
1
57 67 1
2
87 93
1
88 90 7
1
38 76 3
2
67 95
2
70 85
2
95 96
2
85 90
1
47 79 7
2
30 97
1
73 95 5
2
62 76
1
50 75 10
2
89 98
1
55 98 4
1
75 87 10
2
16 73
2
85 90
2
97 99
1
58 80 4
1
7 40 3
2
12 91
2
40 82
1
11 69 3
2
4 89
1
70 75 4
2
90 91
2
28 60
1
74 96 5
2
72 88
1
4 85 9
2
18 33
2
2 5
2
61 91
2
6 47
2
100 100
1
28 74 2
2
40 97
2
20 84
2
60 69
1
23 99 5
1
70 83 1
2
87 95
1
85 90 2
1
62 95 1
1
77 82 6
2
19 22
2
12 92
1
27 46 5
1
68 68 9
1
92 93 9
1
3 45 10
1
65 69 2
2
6 64
2
89 91
1
18 35 4
2
72 88
1
3 72 3
2
10 94
1
37 90 9
1
94 96 7
2
52 63
2
65 80
2
35 79
1
34 78 2
1
11 63 3
1
69 97 7
1
98 100 10
2
31 46
2
69 81
1
12 90 2
1
18 67 4
1
99 100 8
2
75 80
1
71 74 9
1
4 84 4
2
55 94
2
72 81
2
34 89
1
74 74 6
1
24 47 6
2
46 68
1
50 58 6
2
41 59
1
44 95 10
2
99 100
1
42 55 3
1
28 64 6
2
96 97
1
18 54 10
2
82 90
1
11 46 7
1
60 99 9
1
91 97 1
1
92 100 7
1
28 87 1
1
13 55 5
1
13 52 7
2
6 80
1
98 99 6
1
27 42 10
2
33 66
1
28 31 10
1
3 45 5
2
39 97
1
27 38 6
1
42 72 3
1
79 92 3
2
35 39
2
52 66
1
69 79 2
1
94 97 10
1
91 92 5
1
38 82 4
2
62 87
2
61 90
1
19 40 4
1
81 92 7
1
22 53 5
1
55 55 3
1
18 68 9
1
95 98 10
2
73 92
2
33 35
2
74 91
2
4 34
2
46 56
2
10 85
1
2 12 6
2
23 28
2
74 78
2
35 73
2
10 97
2
98 99
2
40 62
2
95 100
1
85 100 10
2
10 94
1
7 44 6
1
66 88 2
2
11 78
1
85 89 7
1
64 76 3
1
21 29 10
1
52 83 10
2
2 45
2
72 92
1
88 94 3
2
68 90
1
98 98 1
2
19 78
1
91 100 6
1
62 67 10
2
48 62
2
40 99
2
89 99
1
70 73 10
1
56 90 1
2
74 86
1
93 95 6
1
37 44 8
1
74 84 4
1
16 72 10
1
49 61 5
2
79 97
2
37 84
2
93 93
1
1 43 2
2
63 72
2
96 96
1
55 89 10
1
16 70 2
2
98 100
2
35 79
2
45 83
2
2 83
1
57 83 2
2
84 84
1
82 98 9
2
29 40
2
78 86
1
12 42 9
1
80 95 10
1
80 95 7
2
46 63
1
18 33 1
2
62 76
1
8 72 1
2
50 53
1
62 81 2
1
19 77 8
2
99 99
1
64 96 2
2
86 95
2
33 41
2
80 83
2
93 97
1
6 71 1
1
72 96 9
1
41 45 7
2
71 73
2
64 68
2
13 70
2
92 93
1
63 100 3
1
17 96 9
1
14 44 1
1
48 75 5
1
57 94 3
1
24 29 5
2
25 36
2
79 90
1
16 29 2
1
50 58 10
1
55 58 10
1
19 42 10
2
80 99
2
71 84
1
78 97 4
2
55 92
2
48 56
1
92 93 6
1
69 87 1
2
64 67
2
1 5
2
83 97
2
76 84
1
40 92 4
1
29 95 3
2
82 83
2
17 56
2
91 98
1
33 98 9
2
89 97
1
23 23 3
1
98 100 4
2
6 11
1
49 74 7
1
86 97 1
1
35 43 4
2
36 87
2
90 96
2
83 93
2
22 79
2
41 94
1
51 74 9
1
60 88 6
1
72 79 10
2
16 65
1
83 86 7
2
87 99
1
73 83 9
1
69 98 5
1
81 84 6
1
92 95 2
1
23 71 10
2
47 54
2
51 72
1
100 100 4
1
25 34 2
1
87 88 4
2
79 93
1
94 100 10
1
95 98 4
2
18 25
1
88 92 5
2
90 92
1
75 79 1
1
35 51 5
2
57 93
2
96 100
2
32 76
1
76 81 4
2
63 78
1
48 57 10
1
82 94 9
1
16 60 1
2
13 92
1
93 95 1
1
23 83 1
1
94 94 1
1
88 91 8
1
9 18 2
2
58 67
1
77 86 7
2
5 66
1
36 91 3
2
4 30
1
72 98 3
2
22 32
1
31 68 8
1
35 60 5
2
72 81
2
22 78
1
92 93 6
1
2 26 4
2
75 85
1
9 52 6
1
21 93 5
2
73 97
1
43 76 2
2
48 99
2
68 69
1
59 63 3
1
25 46 8
1
9 84 1
2
53 63
2
25 75
2
59 63
1
58 85 1
1
41 51 4
2
75 94
1
87 100 10
2
94 98
1
14 17 4
2
55 60
2
50 56
1
82 96 4
2
88 95
1
17 70 6
2
72 89
1
34 90 1
2
15 74
1
1 57 2
1
56 61 6
2
72 73
1
13 72 5
2
10 55
2
16 18
2
71 71
1
28 90 4
1
12 42 10
1
65 94 2
1
38 46 5
2
29 85
2
51 87
2
75 92
2
24 100
1
16 100 5
1
91 98 8
1
31 86 10
1
68 83 6
1
63 86 6
1
10 33 4
1
14 33 2
1
55 55 10
1
48 98 1
1
9 81 4
1
8 97 1
1
52 61 4
2
83 92
2
94 96
1
93 96 2
1
39 96 4
1
65 68 8
1
9 88 7
1
43 66 4
2
41 44
2
68 75
1
50 65 5
1
61 80 7
2
71 99
2
20 57
1
14 97 4
2
66 82
1
11 72 10
2
66 93
1
52 73 9
2
81 82
2
71 75
1
10 80 7
1
33 34 2
1
54 77 7
2
26 84
1
22 38 3
2
1 95
2
99 100
2
57 78
2
32 88
1
20 71 1
2
49 91
1
30 51 1
1
97 98 5
1
15 29 7
1
21 76 1
1
24 40 8
2
62 68
2
61 74
1
32 49 3
1
46 68 9
1
86 92 8
2
10 27
1
100 100 8
2
29 43
1
14 87 8
1
78 97 10
1
15 55 5
1
47 62 2
1
34 76 6
1
82 89 2
1
48 93 5
1
95 98 10
2
43 85
1
66 99 9
1
24 51 6
1
10 66 7
2
74 79
2
48 82
2
35 94
1
87 94 1
1
47 100 4
2
63 96
1
3 16 8
1
92 98 5
2
64 84
1
64 73 2
1
61 98 1
2
99 99
1
6 40 6
1
63 65 1
1
48 93 2
2
39 51
1
97 98 9
1
92 96 4
2
59 63
1
67 74 6
2
60 96
1
45 59 6
2
47 62
2
25 87
1
11 60 2
2
67 87
1
83 100 8
2
1 91
1
66 75 3
2
6 98
1
81 93 8
2
60 97
2
88 95
2
92 100
1
38 45 1
2
43 97
1
72 93 10
1
29 67 6
1
56 68 9
2
75 77
1
26 66 8
1
75 90 4
1
59 67 8
2
75 76
1
44 92 3
2
78 88
2
62 72
1
41 56 7
1
76 86 5
2
43 93
2
17 42
2
77 84
2
45 69
2
96 98
1
93 98 9
1
21 72 5
2
70 80
1
67 71 3
1
77 82 10
2
38 78
1
7 85 6
2
34 51
2
84 85
1
21 85 10
2
60 96
2
33 60
1
8 37 6
1
18 31 3
1
88 98 4
1
37 83 7
1
39 85 10
2
49 97
1
96 96 7
1
78 83 2
1
14 42 9
1
58 64 10
1
31 62 6
2
56 59
1
45 89 1
2
72 82
2
13 84
1
63 81 1
2
83 92
2
18 68
1
75 79 4
2
31 36
1
11 87 8
1
26 42 2
2
39 58
1
73 92 4
2
89 90
2
99 99
2
46 94
2
27 42
2
91 100
1
55 78 6
2
49 72
1
87 91 10
2
77 81
1
54 58 3
1
90 92 2
1
29 29 8
2
96 100
2
44 67
1
18 79 7
1
87 97 2
1
90 95 9
2
68 83
1
5 41 3
1
44 66 3
1
43 65 7
2
21 31
2
30 39
1
64 73 10
1
44 83 3
2
79 91
1
39 96 10
1
92 92 3
1
34 36 4
1
12 58 6
2
99 100
1
77 78 6
2
6 73
1
28 72 9
2
9 76
1
28 69 3
2
72 80
1
43 66 10
1
87 89 5
2
66 100
2
80 83
1
100 100 9
1
21 38 4
2
83 83
1
98 99 4
2
70 79
1
90 92 5
2
52 73
1
88 92 1
2
100 100
2
78 100
1
77 87 10
1
12 35 6
1
20 97 5
2
81 93
1
14 75 7
2
13 23
2
68 74
1
20 86 9
1
20 86 8
2
37 61
2
5 79
2
36 46
2
76 100
1
49 52 7
1
23 66 10
1
49 56 5
2
16 42
2
7 22
1
80 98 5
1
80 90 7
1
26 46 3
1
89 92 9
1
89 94 8
1
13 33 1
1
10 90 6
1
46 71 4
1
70 92 4
2
96 96
1
39 72 4
1
76 100 2
1
91 98 7
1
26 78 4
1
40 88 8
1
59 70 3
1
44 89 1
2
91 94
1
9 82 7
2
19 54
1
5 42 1
1
71 78 2
1
34 47 10
2
64 64
1
78 98 7
2
4 26
1
18 73 9
1
21 35 3
2
73 96
1
63 65 6
2
58 98
1
88 95 6
2
42 64
1
53 97 7
2
91 99
2
92 94
2
53 92
1
26 53 3
2
81 84
1
95 97 3
1
1 73 8
1
27 82 10
1
93 93 8
1
12 84 5
2
42 60
1
95 99 2
2
22 88
2
44 61
1
15 54 7
2
38 65
2
33 55
2
14 64
2
55 80
2
37 47
2
28 67
1
66 96 9
2
44 99
2
67 91
2
6 7
1
92 98 9
2
3 51
2
68 72
2
95 95
1
67 74 10
2
66 95
1
38 75 2
2
44 94
1
95 98 3
2
78 85
1
38 52 6
2
43 53
1
88 89 7
2
56 61
1
33 87 1
2
18 62
2
7 96
2
76 92
1
13 67 4
2
49 98
1
25 76 5
1
30 44 6
1
51 51 4
2
56 75
2
64 74
2
47 61
1
75 93 7
2
61 95
1
85 96 2
1
59 59 10
2
50 85
1
89 93 9
2
88 96
2
16 50
1
58 60 5
1
57 82 1
2
47 99
2
87 93
1
71 75 7
1
49 71 4
1
45 74 5
2
99 100
1
16 20 8
2
35 64
1
57 62 4
2
71 84
2
51 83
1
51 86 8
1
92 96 4
1
88 95 4
2
42 58
2
50 53
1
84 92 7
2
26 93
2
51 93
2
84 85
2
59 68
2
57 75
1
55 83 8
2
79 95
2
95 99
1
9 47 9
2
64 88
2
81 99
1
30 70 9
1
97 100 8
2
57 88
2
77 94
2
51 64
2
65 76
1
56 76 9
2
32 59
1
7 100 1
2
49 64
1
13 55 3
2
2 89
2
68 82
2
27 87
1
21 92 1
2
59 89
2
50 83
2
17 98
2
49 99
1
62 94 1
2
21 87
1
95 96 7
2
53 82
1
53 79 4
2
1 94
1
46 79 3
1
2 44 7
2
54 56
2
93 96
2
89 94
2
62 79
2
29 54
1
31 93 2
2
18 49
1
82 97 9
2
81 86
2
93 97
2
15 53
1
67 75 10
1
83 85 1
1
76 79 8
2
60 66
1
45 61 3
1
86 93 1
1
15 74 7
2
29 48
2
89 89
1
55 73 9
1
31 50 3
2
76 92
2
34 50
2
49 82
2
27 68
1
74 79 10
1
78 90 4
1
56 82 2
2
30 78
1
12 22 1
2
74 96
2
54 84
1
95 100 4
1
7 72 1
2
41 74
1
20 22 8
2
51 87
1
3 72 4
1
42 65 7
2
24 91
2
18 48
2
40 48
2
66 100
2
61 72
1
47 55 4
2
36 77
1
38 98 8
1
74 74 8
1
79 80 9
2
61 77
1
90 94 2
1
82 93 4
1
39 95 2
2
3 95
2
98 98
2
23 76
1
71 72 4
2
16 49
1
7 79 7
1
9 83 3
1
16 46 2
1
13 33 8
2
25 48
1
74 99 1
2
37 54
1
23 81 4
2
52 80
1
27 38 6
2
13 45
1
47 87 3
1
82 91 1
1
10 35 1
2
50 54
2
33 33
1
92 98 3
1
49 93 4
1
50 79 3
2
37 37
2
74 86
1
66 68 6
1
48 85 10
1
6 44 4
1
27 98 5
2
37 86
1
6 25 7
2
13 46
1
4 96 4
1
28 32 7
2
66 77
1
36 64 1
1
45 61 6
1
99 99 3
1
1 27 6
1
78 97 9
1
25 38 3
2
42 59
1
78 99 7
2
9 54
1
81 100 8
1
12 81 3
2
94 95
2
80 89
1
89 95 1
2
41 83
2
24 32
1
89 98 1
1
66 76 10
1
95 98 4
1
96 96 3
2
8 16
2
50 69
2
25 34
1
26 54 6
2
1 92
2
48 63
2
42 95
1
68 96 7
2
92 93
1
30 45 1
2
38 98
1
73 80 2
1
58 86 9
1
29 55 9
2
33 67
1
75 87 10
1
24 95 7
2
89 94
2
1 92
2
80 92
2
39 66
2
22 36
1
40 77 7
1
40 84 2
1
50 94 8
2
88 88
2
49 72
2
32 74
1
43 82 5
2
69 96
1
84 85 4
1
82 99 3
1
70 94 5
2
100 100
2
34 81
2
39 48
1
92 97 5
2
55 60
2
14 45
1
19 53 9
2
84 88
2
53 78
2
33 64
2
30 54
1
54 83 1
1
33 62 1
1
71 76 10
1
76 93 5
1
4 49 7
2
52 95
1
5 84 2
1
70 83 8
2
47 69
2
99 100
1
6 19 1
2
67 86
1
97 99 8
1
60 91 5
2
32 97
2
60 97
1
88 97 10
1
93 100 9
2
45 79
2
31 63
2
20 60
2
23 78
1
63 97 4
2
32 62
1
36 79 6
2
40 65
2
57 97
1
61 100 10
1
93 100 3
2
45 65
1
55 72 9
2
12 79
1
37 93 10
1
3 60 8
1
87 89 6
1
53 65 10
2
66 75
1
22 98 5
1
73 89 4
2
35 46
1
33 72 10
1
69 99 4
2
51 87
2
61 80
2
37 73
1
81 91 3
1
88 88 7
1
57 79 10
1
79 89 7
2
36 100
1
81 90 4
2
9 56
2
87 89
1
76 84 7
1
75 97 5
2
70 75
2
100 100
2
84 92
2
42 54
2
50 62
2
15 75
1
98 99 9
1
37 88 4
1
62 76 7
2
75 81
2
91 98
2
6 83
1
73 78 4
1
62 99 4
2
24 65
2
41 43
1
57 60 8
2
36 37
2
59 87
1
59 72 10
1
27 33 2
1
62 92 5
1
14 74 9
1
50 61 5
1
83 98 5
2
28 48
2
81 86
1
20 24 5
1
65 71 7
2
46 57
1
36 58 9
1
68 97 6
2
86 99
1
57 70 4
1
50 98 3
2
92 99
2
32 65
2
31 42
2
42 59
2
29 32
1
68 77 10
2
63 71
2
47 49
2
31 82
2
64 94
2
28 73
1
56 88 2
1
8 89 5
2
96 96
2
60 65
1
42 75 4
2
37 62
1
56 80 4
2
96 99
2
15 40
2
85 94
1
46 77 3
1
59 73 2
1
75 85 6
2
20 60
1
44 99 4
1
73 82 2
2
43 84
2
58 92
1
78 87 3
2
93 100
2
2 13
2
91 96
1
100 100 6
2
82 99
2
28 98
1
43 83 8
1
52 70 3
1
6 41 4
1
17 85 8
1
27 48 1
2
16 19
2
35 74
1
29 81 4
1
78 85 5
1
100 100 6
1
46 99 2
2
1 23
2
14 30
2
30 85
1
98 99 4
1
58 99 7
2
7 36
2
53 56
1
82 100 7
1
51 72 10
2
51 62
2
14 79
1
50 83 1
2
61 77
1
57 93 3
2
48 73
1
8 24 10
1
90 96 8
1
73 80 2
2
39 89
1
10 58 9
1
50 66 8
1
15 37 7
1
77 95 8
2
50 78
2
21 59
2
33 97
2
23 51
1
68 73 6
2
87 98
2
83 90
1
95 99 1
1
73 87 8
1
90 93 10
1
98 98 5
1
64 68 6
2
3 52
1
26 39 4
2
39 81
1
61 64 5
1
25 90 5
1
51 96 2
2
47 69
2
98 100
1
39 92 1
1
18 69 4
2
42 84
2
24 28
1
85 100 9
2
24 71
1
45 80 8
1
94 95 2
1
39 92 2
1
69 90 10
2
24 36
2
49 61
1
35 88 3
2
3 77
1
89 89 8
1
88 100 8
2
95 99
2
3 27
2
53 56
1
95 95 7
2
18 99
1
91 91 4
2
78 89
1
91 100 4
1
76 84 10
2
29 89
2
3 26
2
9 41
2
1 6
1
61 82 7
2
27 47
2
73 95
1
40 73 8
2
26 53
2
97 97
2
11 23
1
25 28 4
2
13 73
2
42 70
2
54 90
1
15 83 7
2
22 22
2
94 98
2
56 58
2
69 78
1
91 96 3
1
74 92 2
1
32 79 6
2
66 92
2
14 42
1
70 81 8
2
84 96
2
76 78
2
50 74
2
16 98
1
98 100 6
2
11 50
2
91 91
1
64 83 8
1
31 35 6
1
52 69 7
2
64 69
2
24 31
2
32 85
1
91 99 10
1
42 84 3
1
33 57 9
2
62 89
1
98 99 2
1
98 99 9
2
8 19
1
80 93 2
1
35 57 10
1
85 96 10
2
61 65
1
94 96 8
1
34 70 5
1
22 64 4
2
74 84
2
8 70
1
89 91 8
1
33 67 4
2
30 88
1
90 92 6
2
28 59
1
19 32 6
1
25 96 2
2
49 75
2
92 98
2
65 95
1
19 92 4
2
88 88
2
18 26
2
80 94
2
67 71
1
35 91 4
1
100 100 4
2
4 22
2
84 93
2
13 83
1
100 100 1
2
64 81
1
78 89 2
1
15 40 10
2
1 35
1
4 79 10
1
27 45 7
2
63 95
2
44 75
1
71 87 4
2
4 51
1
69 97 10
1
82 95 8
1
5 79 10
1
46 68 9
1
79 98 6
2
77 77
2
100 100
1
80 86 9
1
53 70 8
2
93 99
1
8 56 8
2
45 85
1
45 97 9
1
85 100 3
2
50 90
2
78 95
2
27 71
2
78 95
2
75 92
2
66 89
2
71 97
2
96 98
2
82 93
2
8 15
1
91 97 7
2
23 38
2
60 61
2
81 85
1
84 88 8
1
69 99 2
1
78 79 4
2
49 79
2
76 85
1
70 80 6
1
33 97 10
1
95 96 10
2
25 39
2
59 81
2
11 90
1
29 44 5
2
61 100
2
44 70
2
17 26
1
7 86 7
2
93 99
1
63 74 3
1
58 96 5
2
45 60
2
37 97
1
87 97 3
2
6 78
1
71 78 4
2
11 25
1
1 33 3
2
33 61
2
48 96
1
71 74 5
2
36 61
1
89 93 8
1
77 93 5
2
98 98
1
13 83 4
1
70 86 1
1
35 64 9
2
2 42
1
32 71 6
2
76 100
2
1 91
1
71 79 7
2
10 28
2
5 91
1
26 83 10
2
68 97
2
77 96
1
10 41 8
2
42 66
2
95 95
2
48 49
1
96 98 10
1
24 43 4
1
3 33 7
2
32 64
1
81 95 10
1
95 100 10
2
98 100
2
58 93
1
58 65 4
1
57 62 6
2
45 86
1
86 100 3
2
85 90
2
99 100
2
57 60
1
77 99 10
1
50 50 3
2
78 95
2
76 89
1
32 32 7
2
99 100
1
62 82 10
2
49 90
2
62 86
2
86 88
1
97 99 8
1
40 73 2
1
70 86 3
1
55 87 6
1
36 94 9
2
6 54
2
44 87
2
3 26
1
96 97 2
2
14 54
2
83 96
1
66 81 2
1
31 35 10
1
37 86 8
2
23 60
2
94 99
2
52 64
1
60 80 8
2
97 99
2
96 100
1
94 94 3
1
81 89 7
1
35 62 7
1
82 83 8
2
56 61
2
86 93
2
46 66
2
33 35
1
73 88 7
1
54 59 7
2
94 95
1
100 100 4
2
15 99
2
3 4
1
52 68 4
1
64 97 1
1
51 90 7
2
62 99
2
75 94
1
37 77 7
2
99 99
2
91 99
1
79 86 3
1
58 68 9
2
87 89
2
6 25
2
23 71
2
5 62
1
2 13 1
1
60 96 5
2
15 73
2
77 90
1
72 86 4
2
10 79
1
61 85 5
1
81 85 9
1
2 73 1
1
22 38 7
1
68 71 8
2
98 98
1
78 95 5
2
64 92
1
96 96 4
2
2 44
2
72 98
1
20 41 9
1
42 57 7
2
45 88
2
18 39
2
95 95
2
13 31
1
17 81 7
2
93 94
2
73 84
1
89 92 4
1
36 98 9
1
50 98 9
2
26 80
2
85 92
1
51 73 9
2
14 96
2
65 75
1
51 65 1
2
13 98
2
25 54
1
87 99 10
2
51 77
2
73 80
1
57 75 3
2
41 79
2
85 88
2
60 73
2
5 74
1
86 91 2
2
33 44
2
62 73
2
63 90
1
73 90 8
2
37 83
1
28 79 6
1
14 93 5
2
25 59
1
16 25 1
1
44 46 6
1
5 45 5
2
16 91
1
83 90 6
1
45 51 3
2
24 50
2
86 91
2
68 78
1
89 98 2
2
49 66
2
13 92
1
82 95 1
2
97 99
2
29 78
1
96 97 9
2
57 71
1
56 64 10
1
43 70 5
1
86 97 1
1
7 7 2
1
21 38 7
2
51 95
2
36 94
2
54 58
2
4 4
2
47 97
2
62 95
1
51 53 1
1
48 90 4
1
82 85 6
1
87 92 5
2
48 53
2
37 57
1
51 55 3
1
88 92 4
2
68 86
1
33 50 4
1
74 99 3
1
72 81 6
1
82 89 8
1
72 78 3
1
83 100 6
1
15 88 9
2
68 85
1
20 38 8
1
82 91 5
2
84 95
1
64 71 8
2
42 76
2
27 82
2
7 40
2
78 81
2
72 96
2
4 15
2
50 90
2
84 100
1
89 90 5
1
67 79 2
2
62 81
1
23 97 2
2
69 69
1
38 88 4
2
48 96
2
18 73
2
56 100
2
81 88
1
54 98 9
2
12 99
2
79 88
2
12 39
1
98 98 2
2
35 52
1
13 38 2
2
23 86
2
33 80
1
30 79 2
2
72 82
2
78 78
2
72 79
2
75 100
2
83 97
2
77 100
1
37 60 3
1
14 62 1
1
57 77 3
1
96 97 4
2
65 67
1
83 87 9
2
20 31
2
98 100
2
66 68
1
99 100 7
2
2 83
2
5 99
1
72 87 2
2
12 50
2
84 91
2
50 99
2
42 84
1
91 97 7
2
2 54
1
71 93 4
1
80 91 7
1
38 86 4
1
44 80 10
2
4 83
2
94 100
1
54 80 2
1
41 50 3
2
25 88
1
19 27 1
2
82 90
1
47 91 9
2
54 57
1
29 40 1
2
66 97
1
98 98 3
1
26 53 9
1
25 90 6
1
12 45 6
1
36 74 10
1
9 42 1
2
82 91
2
20 22
1
47 57 10
1
73 79 6
2
18 74
1
4 47 9
2
67 90
1
63 96 8
1
52 54 10
1
60 100 8
1
26 97 10
2
62 92
2
18 85
1
15 52 4
1
56 98 10
1
14 60 7
1
31 45 4
1
80 93 6
2
32 38
1
66 96 6
1
95 100 2
2
11 47
2
79 93
2
83 84
1
15 21 10
2
7 64
2
53 60
2
64 64
1
38 94 1
1
44 69 7
2
1 24
2
42 53
2
37 94
1
81 86 9
2
18 94
1
42 67 10
2
83 83
2
79 92
2
88 90
1
80 99 2
1
18 50 9
2
47 76
1
85 94 3
2
9 89
1
78 89 6
1
20 52 4
1
89 99 7
1
82 92 1
2
84 94
2
22 40
1
85 98 2
1
52 84 5
1
62 62 8
1
23 34 2
2
1 86
2
72 100
1
2 87 9
1
24 70 4
1
13 48 4
1
39 55 3
1
61 89 3
1
88 92 8
1
43 62 9
2
45 98
1
29 66 3
1
57 93 7
2
56 85
1
83 85 4
1
75 92 8
1
78 84 5
2
71 86
1
9 48 6
2
81 91
1
59 75 10
1
72 83 8
1
17 40 4
2
29 57
2
35 35
1
85 85 3
2
90 96
1
61 86 3
1
98 99 2
2
40 57
2
5 74
2
33 63
2
65 68
2
36 51
2
9 74
1
94 99 3
2
43 50
2
99 100
2
40 58
1
19 22 9
2
67 71
1
86 92 6
1
85 85 9
1
54 83 6
2
59 61
1
14 37 1
2
91 92
1
67 67 6
1
47 92 2
1
79 89 8
2
87 87
1
88 99 10
1
89 97 8
1
67 99 7
2
14 75
2
21 64
2
22 41
2
32 66
1
23 74 2
2
17 21
2
93 98
1
72 89 3
1
94 99 8
2
42 76
1
38 70 6
2
9 73
2
49 55
1
73 94 2
2
41 89
1
94 97 7
1
82 93 4
2
63 99
1
48 73 9
1
83 92 9
1
24 92 1
2
76 98
1
78 78 3
1
96 96 8
1
7 44 4
1
62 83 5
1
92 95 5
2
35 94
2
56 79
2
75 96
1
24 97 6
1
59 66 6
2
31 33
1
88 95 10
1
94 98 8
2
92 100
1
30 93 4
1
96 97 5
1
33 100 4
1
79 100 7
2
53 65
1
1 90 9
1
17 72 1
2
64 97
2
31 41
1
93 96 7
2
43 86
1
26 39 4
2
19 92
2
93 95
2
17 80
1
90 90 1
1
12 27 9
2
48 55
2
88 91
1
18 66 10
1
13 18 8
2
12 28
2
90 93
1
4 92 6
1
54 56 1
2
38 83
2
17 24
2
57 79
2
41 55
2
93 96
1
91 99 4
1
37 91 8
1
24 39 6
2
31 70
1
8 31 3
2
82 83
1
40 76 1
2
72 91
2
48 82
1
71 85 3
1
60 88 10
1
63 88 10
2
76 81
2
2 20
1
26 43 6
2
4 43
1
95 99 7
2
94 100
2
11 18
2
68 70
1
11 34 3
2
9 62
2
64 73
2
77 87
1
100 100 6
2
48 89
1
23 49 10
2
61 63
2
60 76
2
31 77
2
19 20
1
42 97 2
1
24 27 3
1
20 70 9
2
86 87
2
80 85
1
95 99 2
1
67 98 7
2
7 35
2
61 65
1
19 26 8
1
85 90 10
1
53 69 4
2
61 65
2
82 86
1
86 92 6
1
82 88 7
1
81 87 1
2
15 88
1
99 99 4
2
56 95
1
47 64 5
1
86 86 2
2
35 77
2
82 94
1
89 98 8
1
91 92 6
2
4 45
1
66 83 3
1
83 91 9
1
100 100 8
2
47 100
1
72 84 8
1
5 94 9
1
37 75 6
2
9 67
1
61 84 7
1
67 69 2
2
58 72
1
63 84 1
1
59 90 9
1
15 31 3
2
23 83
1
49 86 2
1
61 62 3
1
87 97 2
1
77 94 5
2
30 83
2
38 72
2
48 53
2
1 28
1
21 70 5
1
61 83 10
1
90 91 7
1
95 100 7
1
48 52 8
2
35 84
2
41 98
2
59 74
1
9 55 3
2
69 74
1
61 77 10
2
76 84
2
15 43
2
87 92
2
70 72
2
16 32
1
71 76 6
2
46 100
2
61 65
2
27 98
2
26 78
2
20 43
1
60 82 10
1
2 61 4
2
21 96
2
85 85
2
29 62
2
29 34
2
78 93
2
69 86
2
5 75
1
62 91 9
2
62 85
2
88 91
2
96 98
2
59 82
1
33 75 7
2
31 62
1
32 55 10
2
96 99
1
11 22 10
2
6 86
1
45 45 10
2
4 83
1
32 43 9
1
61 79 8
1
10 41 2
1
42 62 9
2
70 73
2
12 59
2
53 67
1
9 87 10
2
80 83
1
39 54 2
1
45 82 3
1
66 100 3
2
31 40
2
47 71
1
65 76 8
1
78 99 6
1
8 35 6
2
6 16
2
50 53
2
99 99
1
94 96 10
1
1 62 7
1
39 77 5
1
17 83 7
2
2 3
1
32 99 9
1
30 37 9
1
7 76 1
2
4 11
2
47 72
1
66 92 2
1
8 84 3
2
2 50
2
65 76
1
91 100 4
1
23 43 2
2
29 48
2
42 61
2
77 90
1
71 97 9
2
81 82
1
43 73 8
1
67 80 6
1
92 92 9
2
75 85
1
61 77 10
2
57 83
2
50 92
1
78 85 6
2
87 87
2
32 55
2
89 100
2
63 63
2
21 40
2
66 66
2
97 97
1
75 79 3
2
11 63
1
56 96 1
1
53 94 6
1
41 58 2
2
41 65
1
96 99 9
1
30 51 5
2
54 99
1
96 97 10
1
92 94 10
2
25 69
1
92 93 8
2
22 29
2
7 38
2
94 95
1
72 86 1
1
31 96 1
2
65 100
1
26 46 10
2
30 92
2
100 100
2
43 92
2
52 56
2
22 85
2
85 92
1
77 77 2
2
87 96
2
76 91
1
19 19 10
1
82 100 7
1
78 85 4
1
3 3 8
2
77 92
1
74 75 6
1
77 99 3
2
71 78
2
61 93
2
57 66
1
59 70 9
2
22 41
2
85 89
1
67 68 9
1
41 59 9
1
2 77 3
1
23 33 10
2
86 97
1
71 76 10
2
81 89
1
93 97 10
2
14 45
1
70 74 6
1
4 60 2
2
37 66
2
32 88
1
50 56 4
2
95 98
1
53 70 10
1
2 73 7
2
59 74
2
52 81
2
62 93
2
52 92
1
89 98 8
1
11 83 5
2
30 89
2
47 60
2
44 53
2
25 96
1
54 99 1
2
68 85
2
60 74
1
14 91 7
1
1 34 1
1
4 13 9
2
62 71
2
72 78
2
91 96
2
55 83
2
26 83
2
96 96
1
9 32 6
1
91 99 9
1
67 86 6
2
81 86
1
36 53 5
1
49 79 2
1
73 80 10
1
82 92 4
2
75 93
1
58 87 7
2
37 63
1
43 68 2
2
99 99
1
58 94 1
2
29 58
1
64 73 6
1
75 81 5
1
69 94 2
1
8 56 10
1
20 78 1
1
36 90 2
2
67 88
2
99 99
1
5 18 8
1
39 72 2
1
91 96 6
1
21 85 8
1
68 75 2
1
56 86 8
1
93 99 10
1
81 98 4
2
76 97
1
19 45 8
2
14 74
2
57 87
2
30 54
2
46 72
1
15 16 2
1
75 81 4
2
53 62
1
56 90 9
1
98 99 3
2
35 74
1
45 99 4
2
12 64
2
60 83
2
37 98
2
6 26
1
21 65 5
1
94 97 2
2
51 73
2
32 85
1
86 100 10
2
74 88
2
23 54
2
51 60
2
82 99
2
81 95
2
80 84
2
4 86
1
58 69 4
2
70 98
2
29 46
2
32 51
1
41 86 6
1
21 99 4
2
9 18
2
38 60
2
28 48
1
17 20 4
1
6 50 2
1
15 66 7
2
96 99
2
2 6
2
53 75
2
52 92
1
7 97 8
1
50 79 4
2
33 58
2
47 86
1
20 97 8
1
68 93 9
1
84 91 8
2
44 67
2
27 33
1
29 40 9
2
80 85
1
96 99 1
2
100 100
1
56 56 1
2
89 94
1
67 99 5
2
60 82
1
94 100 5
2
94 95
2
11 58
1
44 96 8
1
8 72 10
2
54 61
1
7 80 7
2
81 85
2
8 83
1
74 83 4
2
87 98
1
21 44 8
2
70 73
1
60 85 1
2
80 100
1
12 39 10
1
91 91 6
1
65 73 9
1
49 66 4
2
9 21
2
28 48
1
100 100 6
2
93 98
2
42 60
1
73 76 9
1
45 98 5
1
98 98 8
1
35 61 8
2
70 86
1
11 21 9
1
28 54 5
1
25 69 2
2
10 14
2
54 91
1
61 72 8
1
27 52 9
1
35 36 1
2
33 48
1
25 71 10
1
41 50 5
1
40 66 1
2
46 80
2
69 87
2
41 49
2
90 94
2
63 72
1
14 35 9
1
41 69 1
1
28 86 3
2
47 61
2
3 75
1
52 58 4
1
98 99 6
1
95 95 7
1
13 33 5
1
78 99 4
1
87 96 10
2
90 91
2
27 60
1
66 92 1
1
65 72 4
1
11 20 8
1
31 64 1
2
79 97
2
60 65
2
90 98
1
54 94 3
1
39 51 8
2
46 77
1
6 53 4
2
70 71
2
98 98
1
64 79 4
2
44 86
1
93 97 9
1
88 89 3
2
65 65
2
78 87
1
77 77 10
2
62 81
2
3 33
1
75 91 4
1
89 94 10
1
91 98 3
2
10 57
1
88 90 2
2
46 61
2
58 69
2
7 82
1
81 93 5
1
88 99 7
2
92 94
2
88 94
1
29 67 9
2
49 65
1
50 62 9
1
96 99 3
2
11 35
2
27 34
2
37 38
1
38 61 1
1
81 93 2
2
4 49
1
89 96 1
2
90 95
2
42 93
2
51 89
1
31 61 5
1
57 66 4
2
22 29
2
49 53
2
27 44
1
8 23 4
1
66 91 8
1
75 84 9
1
41 55 4
1
48 55 1
1
96 100 8
2
47 82
2
81 84
2
46 81
2
20 93
2
38 41
1
1 27 5
2
17 35
1
30 100 2
1
77 93 4
2
10 84
2
93 99
1
22 92 7
1
90 92 7
2
38 99
1
47 61 8
2
12 75
1
79 79 9
1
34 34 7
1
46 51 9
1
14 60 4
1
50 58 8
2
59 90
1
99 99 10
1
86 90 9
2
68 93
2
5 97
1
13 40 10
1
22 76 9
1
83 85 7
2
45 74
2
15 28
1
21 92 1
1
83 83 3
2
72 86
2
18 34
2
39 66
1
13 13 9
2
90 94
2
35 37
1
64 87 5
2
29 93
2
25 53
1
86 96 1
2
78 85
1
81 81 5
1
19 34 10
1
35 56 1
1
25 59 1
1
47 80 10
2
38 59
1
78 78 2
2
59 76
1
35 43 5
1
29 51 10
2
98 99
2
67 99
1
15 97 2
2
95 95
2
21 68
2
29 36
1
18 48 9
1
63 79 4
1
57 66 7
1
74 79 10
2
24 77
1
64 65 3
2
87 88
2
83 95
2
24 87
1
80 91 4
1
40 56 10
1
1 64 4
1
95 96 2
1
46 53 6
1
41 100 6
1
14 34 9
2
4 53
2
32 100
2
1 72
1
73 92 2
2
63 74
1
39 68 7
1
59 92 4
2
86 96
2
74 88
2
72 86
1
85 88 6
2
47 70
2
10 35
1
7 11 3
1
53 78 3
2
54 83
2
27 68
2
82 97
1
8 45 10
2
80 81
1
22 48 6
2
77 91
1
64 65 9
1
16 22 6
2
69 97
1
46 93 4
1
78 92 8
2
73 88
2
47 88
2
7 32
1
97 97 5
1
63 82 10
1
24 44 1
1
80 85 8
2
17 91
1
77 85 3
1
27 52 3
2
24 86
2
76 95
1
61 80 6
1
77 85 9
1
54 62 6
1
82 82 7
1
93 99 4
2
69 99
1
4 99 7
2
6 40
1
17 82 8
2
89 98
1
71 73 2
1
79 88 9
1
80 81 10
2
3 48
2
85 89
2
71 94
1
81 88 2
1
5 86 9
2
35 89
2
46 56
2
34 61
2
15 73
1
71 87 9
2
43 45
1
85 94 1
2
4 65
2
65 97
2
26 33
1
62 62 3
1
13 52 7
2
23 28
2
76 84
2
10 84
2
33 48
2
44 100
2
15 77
1
55 82 6
1
4 91 6
1
40 46 9
1
53 75 7
1
75 80 4
1
7 92 7
1
46 62 9
1
5 90 9
1
67 75 5
2
41 60
2
76 76
1
13 97 7
2
33 73
1
12 78 5
2
5 30
2
12 75
2
56 62
1
5 91 4
2
21 21
1
96 98 5
2
64 93
2
82 85
2
41 55
2
45 87
2
84 99
2
11 61
1
87 88 6
2
89 95
2
59 97
2
32 67
2
38 100
2
53 87
1
39 66 5
1
71 94 10
2
78 78
2
67 79
2
86 96
2
85 100
2
97 97
2
50 100
1
49 53 7
2
41 77
2
68 83
1
11 48 5
1
82 99 9
2
86 100
1
67 69 9
1
92 96 9
2
5 99
1
24 75 2
2
5 84
1
50 77 10
1
29 76 1
1
63 98 9
1
81 88 4
2
39 67
2
1 56
1
14 30 2
1
79 94 6
2
98 98
2
37 52
1
100 100 3
1
93 94 3
2
40 97
2
38 80
2
78 86
1
45 96 7
2
25 60
2
72 72
1
76 79 4
1
78 91 2
2
78 92
2
64 99
2
32 70
1
100 100 5
1
67 73 7
1
16 93 1
1
78 91 6
2
58 93
2
30 80
2
85 90
2
46 65
2
27 83
1
37 65 8
2
39 80
2
19 71
2
88 100
1
14 78 8
2
55 69
1
18 33 4
2
31 65
2
64 88
1
86 88 9
1
2 42 3
1
87 99 2
1
34 95 10
1
32 89 2
1
73 79 10
1
66 91 1
2
65 92
1
26 74 3
1
41 48 2
1
2 67 10
1
30 84 1
2
67 77
1
14 53 3
2
14 28
1
62 92 4
2
10 79
1
23 92 10
1
84 88 1
1
21 32 3
1
41 61 5
2
92 92
2
41 56
1
63 90 2
1
64 83 8
1
6 21 6
2
15 34
1
68 68 4
2
98 99
2
69 96
1
96 96 1
1
94 100 7
2
11 69
2
84 93
2
8 94
2
50 72
1
75 85 9
1
90 96 7
1
39 51 3
2
67 89
1
20 70 10
2
13 53
2
50 74
2
93 93
2
40 58
1
82 96 4
2
82 93
1
73 99 6
1
60 62 6
1
74 78 10
1
12 21 6
2
86 88
1
47 64 10
1
27 87 1
1
20 53 6
2
19 53
2
94 99
2
24 35
2
9 60
1
17 57 2
2
67 89
1
35 68 10
1
73 84 2
1
28 98 3
2
75 88
1
95 97 10
2
38 57
1
16 60 1
2
27 98
1
76 93 7
2
34 90
2
56 86
1
49 78 10
1
14 85 2
1
99 99 7
2
56 62
1
41 76 1
2
1 71
2
93 93
2
91 98
1
71 84 10
1
62 85 6
2
62 73
1
96 98 4
2
23 98
2
36 89
2
6 36
2
58 58
1
63 68 3
2
4 79
2
44 83
2
26 95
1
8 41 7
2
54 81
2
21 89
2
19 37
1
15 93 9
2
76 94
2
13 43
1
59 78 1
2
63 99
2
17 31
1
55 76 5
1
85 85 8
2
75 82
2
53 62
2
52 64
1
89 97 4
1
66 90 7
1
52 96 2
1
71 81 9
2
52 63
1
4 79 4
2
1 87
1
41 70 10
2
38 50
1
6 28 10
1
76 81 5
1
99 99 10
1
4 74 4
1
63 100 2
1
7 95 3
2
80 93
2
23 44
2
9 27
1
4 69 5
2
17 73
1
74 84 3
2
56 68
1
95 95 4
1
18 81 6
2
44 89
2
89 90
1
90 98 9
1
37 48 2
2
94 99
2
96 98
2
13 21
1
97 98 5
2
6 47
2
36 42
2
55 75
2
73 78
2
12 18
2
19 57
2
28 80
1
94 96 7
2
18 31
2
92 96
2
31 90
1
54 62 7
1
39 50 9
2
54 100
1
13 76 10
2
99 100
1
95 97 9
2
93 93
1
85 86 9
2
71 97
1
84 92 3
1
83 90 5
2
59 63
2
77 83
2
48 70
2
77 78
2
23 59
2
38 93
1
15 29 3
1
14 32 5
2
62 77
1
40 78 8
1
63 94 4
2
79 92
1
52 60 6
1
51 82 10
1
43 64 7
1
48 88 8
1
73 91 1
1
28 98 4
2
29 76
1
10 14 4
1
92 99 4
1
53 90 10
2
5 46
1
65 91 2
2
41 67
2
30 83
2
42 59
2
26 79
1
87 92 3
1
86 89 2
2
26 95
1
76 84 10
1
72 94 3
2
89 97
2
91 93
2
99 99
2
86 96
1
42 97 9
2
87 98
2
2 52
1
97 98 6
2
26 79
1
71 97 9
1
86 86 1
1
61 65 7
2
33 79
2
44 50
1
38 41 9
2
77 96
1
30 40 2
1
100 100 8
1
91 93 8
1
19 70 5
1
65 98 1
2
82 85
2
85 90
2
27 64
2
65 78
1
66 92 4
1
25 90 2
1
66 92 9
2
99 99
1
48 93 3
2
52 79
1
94 99 4
1
65 88 4
1
57 73 9
1
16 47 3
1
72 78 4
2
16 65
1
62 94 7
2
99 99
1
87 89 5
1
37 56 4
2
90 92
2
63 87
2
20 46
2
63 88
1
83 89 5
1
5 42 7
1
17 45 5
1
98 98 1
1
82 99 4
2
88 99
1
46 94 1
1
55 94 5
2
38 64
1
46 52 4
2
51 52
2
29 65
1
2 65 2
1
91 97 10
1
67 92 7
1
99 99 2
2
39 72
1
63 94 7
2
78 98
1
95 99 3
1
78 98 2
1
93 96 1
2
92 97
2
68 78
1
23 99 9
1
5 73 5
2
63 77
1
13 75 10
1
35 100 7
1
71 82 9
1
88 96 10
1
22 88 3
1
55 73 9
2
70 80
2
29 81
2
72 75
1
66 79 8
1
46 61 10
2
61 87
1
15 80 7
2
98 98
1
6 67 10
2
27 67
1
61 64 9
2
6 85
2
62 73
2
17 59
1
23 34 2
1
36 81 9
2
15 90
1
35 48 2
1
51 60 10
2
27 64
2
19 60
1
70 83 10
2
7 80
2
43 43
2
50 59
1
11 87 3
1
42 55 4
1
95 99 4
2
73 77
2
38 69
2
13 72
2
19 24
1
44 87 8
2
38 79
1
41 85 5
1
37 96 1
2
16 83
2
87 93
1
40 80 8
2
53 78
1
73 98 5
1
80 98 1
1
37 85 3
1
50 56 10
2
63 85
2
22 100
2
50 85
2
35 99
2
11 25
1
73 95 2
1
7 97 5
2
50 97
2
93 97
2
19 36
1
70 95 9
1
69 75 10
1
85 95 9
2
53 98
2
43 69
2
36 72
2
61 78
1
78 82 6
2
76 95
2
90 97
1
33 63 5
1
13 78 3
1
79 81 8
1
79 84 6
1
86 91 2
2
9 64
2
41 69
1
76 97 4
2
34 78
1
78 85 5
1
54 69 4
2
64 92
1
20 23 8
2
100 100
2
60 75
1
86 89 2
2
92 94
1
96 98 5
1
31 95 5
2
36 85
2
11 72
1
25 70 1
1
31 71 2
1
61 69 8
2
63 64
1
27 31 1
1
65 97 3
1
9 88 6
2
69 79
2
7 68
2
32 93
2
23 90
2
94 95
1
45 92 5
1
1 82 5
1
72 93 3
2
18 68
1
73 97 10
1
23 31 7
2
42 91
2
17 90
1
22 89 1
1
88 95 2
2
8 13
2
46 79
2
72 88
2
100 100
1
77 82 7
2
83 90
1
34 34 4
1
83 91 2
1
41 96 10
2
68 72
2
56 74
2
28 66
2
100 100
2
21 54
2
75 84
2
90 93
2
95 98
1
58 85 10
2
14 35
2
9 39
1
25 70 9
2
3 80
1
43 96 7
2
87 93
1
30 77 9
1
68 91 8
2
26 94
2
47 97
1
30 92 4
2
96 97
2
13 65
1
7 15 3
1
96 100 9
1
67 78 2
1
20 60 3
2
7 97
1
50 63 5
2
11 53
1
12 92 4
1
92 94 9
2
33 67
1
75 88 5
2
95 100
1
64 74 5
1
60 80 7
2
24 64
2
46 82
1
10 33 9
2
50 70
1
28 73 7
2
15 95
2
41 96
1
14 73 1
2
14 43
1
68 97 2
2
67 89
1
78 90 9
1
89 99 2
1
5 5 6
2
97 100
1
31 83 10
1
68 73 8
2
10 68
2
96 98
1
89 95 2
2
10 73
1
60 78 2
2
32 98
1
36 90 1
1
39 45 2
1
7 22 9
2
6 40
1
68 80 3
1
59 94 2
2
46 63
2
34 78
1
72 88 1
1
62 79 3
1
100 100 7
1
9 62 8
2
98 99
1
59 65 10
2
8 82
1
5 95 7
1
63 69 6
2
81 94
1
75 75 9
1
58 74 4
1
19 51 1
1
53 57 2
2
2 32
1
45 99 1
2
7 73
2
88 96
1
39 43 2
2
47 64
2
28 74
2
75 99
1
51 83 1
2
8 34
2
36 91
1
48 99 3
1
35 97 10
2
73 87
1
84 98 1
2
1 36
1
67 77 1
1
79 93 6
2
15 76
2
44 85
2
23 44
2
70 92
2
25 28
1
41 55 8
2
75 89
2
96 100
1
52 70 2
2
14 99
2
71 92
2
92 95
1
24 98 4
1
34 89 6
1
47 93 7
1
22 68 8
1
86 91 8
2
52 98
1
11 80 7
1
13 38 4
2
97 97
2
65 66
1
44 55 5
2
30 65
2
96 98
1
34 47 5
2
7 35
1
13 34 6
2
30 65
2
94 95
1
56 91 5
2
74 94
1
96 100 9
1
66 97 9
2
94 94
2
77 98
1
76 88 3
2
39 51
1
96 98 2
1
20 23 8
2
17 88
1
57 91 9
1
74 88 9
1
26 66 4
1
33 58 8
2
78 93
2
53 94
2
35 100
2
38 100
1
49 59 1
1
51 88 1
1
13 87 2
2
18 20
2
16 95
1
33 92 7
2
81 99
2
7 100
1
53 85 9
2
34 100
2
6 86
2
31 58
1
34 95 8
2
12 21
1
64 100 7
2
35 69
2
18 96
2
97 100
2
13 31
2
11 49
2
72 88
1
39 60 8
2
62 97
1
53 75 5
2
16 23
1
42 82 10
1
50 62 10
1
69 74 9
2
25 42
2
8 13
1
46 55 8
2
48 67
2
45 46
1
26 34 4
2
23 63
1
27 59 8
1
63 98 1
2
55 98
2
59 64
2
97 98
1
61 100 3
1
29 85 6
2
68 82
2
40 85
2
3 70
1
85 94 3
2
5 79
2
31 88
2
28 34
1
89 95 5
2
85 86
1
47 53 2
1
92 94 3
1
90 92 7
1
8 52 6
1
31 59 1
2
66 85
1
96 100 5
1
79 93 3
2
28 59
1
2 77 10
1
54 74 9
1
8 80 4
1
23 54 1
1
84 92 10
2
29 45
2
20 76
2
42 72
2
4 25
1
38 67 4
1
92 95 1
1
18 72 10
2
4 94
2
16 51
1
80 84 8
1
72 82 9
1
63 94 8
2
20 26
2
77 92
2
6 65
1
73 95 3
1
91 97 10
2
5 99
2
95 96
1
76 99 3
1
28 39 4
2
24 41
2
19 71
2
88 91
2
33 52
2
94 100
1
33 97 1
2
80 95
1
18 77 6
2
56 96
1
38 92 6
1
11 20 4
1
88 90 2
2
9 37
2
55 97
1
65 95 7
1
32 49 3
2
47 77
2
71 76
2
8 37
2
43 89
1
74 74 3
1
63 80 8
1
19 48 3
2
73 77
2
19 63
1
28 69 3
1
39 64 1
2
10 86
2
57 68
2
53 82
2
29 53
1
14 85 10
1
24 54 7
1
17 83 3
1
76 90 5
2
26 70
2
85 89
1
38 62 2
2
81 93
2
100 100
2
16 85
1
12 19 2
2
11 19
1
85 92 4
1
93 93 1
1
84 100 2
1
53 89 4
2
80 94
2
47 48
1
9 25 1
2
80 83
2
75 86
2
9 85
2
15 30
1
67 93 1
1
95 97 8
1
8 66 8
2
42 94
1
72 90 2
1
36 72 9
2
31 49
1
89 94 5
2
99 99
1
8 49 4
2
68 98
2
5 25
2
97 99
1
61 69 4
2
75 100
2
47 97
2
61 71
1
68 99 1
1
22 33 10
2
18 34
2
57 59
1
29 60 10
1
1 95 1
2
52 94
2
72 73
1
18 87 6
1
26 56 5
2
84 92
2
56 93
2
81 92
2
73 81
1
40 45 2
1
83 83 6
1
48 66 3
2
25 44
2
87 87
1
98 100 8
2
64 92
1
23 74 8
2
29 89
1
70 74 5
1
97 97 9
1
43 51 9
2
7 34
1
10 59 10
2
39 66
2
34 45
1
8 95 2
1
14 43 10
2
17 99
1
96 98 5
1
85 87 7
1
97 97 3
2
40 92
1
85 93 5
2
66 94
2
99 99
1
9 90 2
1
50 92 5
2
14 84
1
18 65 9
1
50 92 5
2
21 78
2
23 81
1
99 100 3
2
71 89
1
21 94 5
1
13 39 5
2
90 94
1
97 100 1
1
11 97 8
1
90 90 7
2
87 96
1
48 96 5
1
76 86 1
1
46 79 2
1
88 96 5
2
50 93
2
91 97
2
92 99
1
80 87 5
2
87 90
1
45 85 5
2
68 75
2
7 66
1
41 86 2
1
55 93 5
1
98 100 6
2
87 93
1
66 98 5
1
100 100 8
1
28 45 2
2
54 75
2
25 71
2
65 72
2
52 93
1
59 90 6
2
91 94
1
100 100 2
1
34 96 5
1
5 77 10
1
52 99 9
1
1 9 9
1
14 95 1
2
71 78
1
91 100 6
2
84 98
2
36 46
2
3 5
2
64 85
2
86 86
2
21 84
1
32 79 9
1
86 100 7
1
48 72 7
2
45 94
1
63 81 3
2
12 48
2
11 57
2
38 65
2
30 69
2
46 66
1
18 22 3
2
73 79
2
42 63
1
87 93 5
2
53 76
2
85 92
1
7 22 6
1
54 60 1
1
26 32 1
2
73 91
2
80 97
2
72 82
1
55 73 4
2
54 57
2
42 49
2
23 45
1
28 65 8
1
56 84 7
2
76 95
1
43 87 2
2
37 80
1
53 68 1
1
87 91 10
1
62 68 4
1
54 64 8
1
2 59 4
2
56 83
2
54 92
2
86 100
2
39 60
1
67 75 6
1
33 95 4
1
80 100 4
1
24 42 5
2
45 55
1
26 68 2
1
24 61 1
1
76 98 1
2
51 98
1
64 70 1
1
45 78 6
1
90 99 10
1
70 90 7
1
69 89 10
1
20 48 2
1
35 78 1
2
83 100
2
63 74
2
29 80
1
94 95 3
2
30 77
2
60 75
1
100 100 2
2
65 87
1
83 94 6
1
96 96 9
1
8 92 2
1
27 40 8
2
74 80
1
34 46 7
1
46 70 1
2
21 92
1
58 79 7
1
15 22 6
1
93 93 5
2
95 95
2
60 67
1
35 88 4
2
61 92
2
60 74
1
67 98 3
2
70 94
1
16 69 2
2
81 81
1
56 99 2
2
44 44
1
93 94 3
1
28 47 5
1
42 86 3
1
12 34 8
1
92 99 10
2
78 92
1
18 84 5
2
88 93
1
48 74 3
2
84 86
1
20 55 2
2
22 50
2
53 75
1
23 36 5
2
44 74
1
92 94 2
1
5 90 7
1
23 94 5
1
73 89 3
2
56 56
2
86 91
1
7 41 8
2
70 79
2
41 62
1
85 98 4
2
83 92
2
35 97
1
65 80 8
2
4 27
2
88 99
2
3 94
2
42 76
2
26 55
1
39 94 1
2
87 97
2
76 98
2
77 82
1
30 81 4
1
20 51 5
1
90 95 6
1
40 47 1
2
33 75
2
11 22
1
99 99 9
1
28 74 5
1
37 52 5
1
71 79 7
2
21 78
1
1 44 8
1
41 52 4
1
85 93 7
1
97 97 9
1
22 46 6
2
70 87
1
46 48 7
2
18 58
2
47 96
2
58 59
1
19 48 8
2
55 55
1
79 86 1
2
93 93
2
73 76
2
66 94
2
9 79
2
84 89
2
50 85
2
42 47
2
17 47
1
31 99 1
1
76 81 7
1
9 39 7
2
97 100
1
87 87 2
2
36 69
1
66 93 1
2
16 82
2
62 70
2
71 91
2
39 86
1
74 78 3
1
16 86 9
1
98 99 9
1
7 86 1
2
24 77
1
41 42 1
1
100 100 9
2
37 87
2
3 61
2
93 97
1
86 86 10
2
28 51
1
26 71 1
2
52 58
1
61 66 10
1
13 30 4
2
30 35
2
56 93
1
14 22 7
2
63 74
2
88 100
2
43 96
1
47 94 3
1
97 98 9
1
21 27 6
2
95 99
2
84 90
2
1 47
2
50 95
2
65 89
2
47 61
1
35 52 1
2
72 90
2
24 51
1
63 75 4
1
26 67 4
1
51 64 10
1
75 75 5
2
27 90
1
5 39 5
2
28 38
1
84 92 8
1
82 98 3
1
12 46 10
1
98 98 9
1
34 77 2
1
7 89 9
1
57 82 2
2
57 98
2
77 85
2
46 90
2
100 100
1
90 90 4
2
1 23
2
92 98
2
88 93
2
95 97
1
20 61 9
2
71 99
2
26 96
1
21 76 9
2
31 47
2
36 97
1
17 41 2
2
18 22
1
92 99 4
2
37 100
1
67 81 1
2
60 100
1
84 85 1
1
80 96 8
2
88 88
1
22 52 1
2
52 63
2
74 92
2
11 63
2
100 100
1
68 100 6
1
94 99 7
1
96 97 10
1
73 95 6
2
56 96
2
15 82
2
64 75
2
76 92
2
70 78
2
45 53
2
6 45
2
21 57
1
53 91 6
1
48 51 2
1
59 62 5
1
61 84 10
1
75 79 2
1
42 97 7
1
28 41 6
1
63 71 1
1
38 91 5
1
50 51 8
2
4 67
1
96 96 3
1
87 96 1
1
27 89 9
2
49 80
1
87 99 5
1
79 95 7
2
66 78
1
5 95 9
2
6 76
1
3 29 5
2
76 80
1
96 98 7
1
73 73 6
1
25 72 1
2
39 53
2
84 93
2
63 97
2
35 91
1
79 97 10
2
86 86
1
53 91 6
2
80 85
2
25 46
2
2 30
1
36 58 9
1
82 82 6
1
25 31 3
1
65 92 4
2
3 23
2
58 86
1
48 96 10
1
63 76 6
1
65 73 4
2
4 41
1
56 56 5
1
39 68 6
1
24 48 9
2
88 94
1
33 88 4
1
91 98 9
1
2 15 9
1
91 95 8
2
99 99
2
55 97
2
76 96
2
22 84
2
92 94
1
98 99 2
2
91 94
2
84 87
2
32 47
2
1 31
1
38 72 10
2
94 99
1
34 77 5
2
66 92
2
79 81
2
68 87
1
11 47 3
1
43 90 2
2
33 88
2
16 71
1
25 86 6
1
59 76 8
2
97 98
2
2 5
2
40 75
2
100 100
2
72 79
2
24 38
2
60 67
1
60 94 3
1
100 100 4
1
74 75 10
2
28 36
1
10 56 3
1
87 99 2
2
60 80
2
4 92
2
41 93
1
31 53 5
2
86 94
1
74 80 7
1
59 85 1
1
97 99 7
2
63 95
2
4 100
2
6 91
2
75 75
1
33 33 4
2
66 96
2
21 89
2
74 97
2
41 47
2
18 86
2
30 44
2
31 32
1
40 46 4
2
14 60
1
55 70 6
1
73 96 4
2
13 32
2
30 33
1
94 100 1
2
24 87
1
49 70 5
1
44 48 2
1
75 90 6
1
61 80 5
1
37 68 5
1
11 69 8
1
97 99 4
1
79 91 7
1
63 95 9
1
73 99 9
1
14 54 4
1
80 97 9
2
66 66
1
24 85 1
2
61 84
2
9 69
2
53 98
1
77 92 6
1
63 63 1
2
71 96
1
95 97 3
1
35 66 5
1
83 100 2
1
37 97 3
2
34 58
2
73 97
1
85 90 3
2
84 93
1
74 90 7
2
93 100
1
34 37 10
1
7 14 3
1
28 42 2
2
55 87
1
53 85 10
2
98 100
1
3 16 2
1
37 86 4
2
24 83
1
31 33 2
2
61 61
2
69 92
2
81 95
1
43 58 1
2
75 89
2
9 11
1
9 97 1
1
34 44 6
2
13 59
2
41 99
1
35 80 6
1
11 38 10
1
30 78 6
1
49 78 5
2
52 69
1
69 79 1
1
33 47 5
2
26 57
1
66 68 7
2
44 80
1
71 90 1
1
41 67 4
2
57 66
2
48 49
2
99 100
2
44 93
1
35 78 2
1
5 75 8
1
15 69 4
2
44 64
2
66 77
2
43 94
2
2 92
2
8 36
1
84 96 8
1
37 93 2
2
54 68
1
88 95 3
1
39 55 5
2
59 77
2
100 100
1
82 85 3
2
63 89
1
28 96 8
2
59 72
1
73 93 7
2
7 21
2
15 43
2
87 94
1
20 61 5
2
94 98
2
29 63
1
6 52 4
2
98 100
1
59 64 10
1
23 90 4
2
20 82
1
8 95 2
1
69 98 6
2
62 67
1
30 52 7
2
48 74
1
21 77 8
1
24 63 2
1
51 76 6
2
4 49
2
72 76
2
61 93
2
67 84
1
12 97 6
2
66 86
2
30 84
1
30 74 1
2
57 91
2
60 70
1
89 100 5
1
39 55 2
1
75 78 1
2
82 82
2
9 77
1
29 34 1
2
55 78
2
16 18
1
24 92 3
2
28 91
1
37 59 5
2
22 29
1
24 81 10
1
87 95 6
2
86 95
2
61 71
2
88 100
1
64 78 7
2
74 78
2
17 17
2
44 82
1
38 59 7
1
15 72 3
1
14 70 7
2
70 81
1
19 72 4
1
28 56 6
2
47 79
2
44 51
2
90 90
1
83 100 10
1
4 52 10
1
87 91 5
2
8 72
2
88 93
1
25 42 3
2
76 85
1
5 54 1
2
95 96
2
4 22
1
56 77 7
2
72 82
2
91 99
2
59 86
2
100 100
1
18 47 10
2
21 30
2
95 95
2
75 95
2
45 81
2
5 16
1
7 19 10
2
70 97
2
37 82
2
88 93
1
45 98 2
2
64 75
2
50 76
2
42 84
2
3 94
1
100 100 5
2
17 80
2
56 86
1
58 96 2
2
27 76
1
35 45 5
2
67 73
1
6 95 3
2
68 88
1
30 30 3
1
89 93 4
1
12 47 7
1
33 55 9
1
65 65 3
2
89 90
2
96 96
1
68 82 1
1
82 83 6
2
42 49
1
12 42 9
2
8 41
1
6 9 6
2
91 93
2
51 55
2
65 79
1
97 100 4
1
26 60 6
2
38 38
2
89 94
2
100 100
2
12 48
1
88 99 1
2
39 71
1
40 79 10
1
37 99 5
1
16 23 9
1
23 77 1
2
25 39
2
83 90
1
76 79 10
2
95 96
1
90 98 4
1
92 99 9
2
85 85
1
62 62 6
2
75 87
1
37 63 2
2
72 94
2
98 99
1
67 84 10
2
14 77
2
34 34
1
24 47 8
1
20 70 7
1
39 69 6
1
1 27 2
2
63 81
2
76 88
2
56 79
2
63 69
2
73 79
2
16 26
2
78 92
1
43 74 6
1
88 94 3
1
32 100 3
2
39 39
2
87 99
2
69 79
2
82 85
1
66 83 10
1
69 70 7
2
28 96
1
5 26 8
2
4 11
2
35 77
2
89 100
2
21 71
1
87 98 8
2
63 96
1
30 52 9
2
39 79
2
36 55
2
4 41
2
71 80
2
77 97
2
58 71
2
43 70
2
78 89
1
6 39 6
2
81 88
1
81 100 8
2
28 94
1
95 98 1
2
96 97
1
47 75 7
2
58 75
1
40 83 6
1
82 90 10
2
97 98
1
89 93 3
1
95 98 8
1
9 74 3
2
39 98
1
42 61 8
1
81 94 9
2
39 93
1
20 28 4
2
73 90
2
4 75
2
26 45
1
6 47 9
1
64 66 10
1
59 75 2
1
30 49 6
1
70 71 10
2
83 93
1
51 56 10
2
26 66
2
6 22
2
56 100
1
87 100 3
2
62 80
2
98 100
1
88 94 10
2
19 60
2
71 76
1
2 56 2
1
39 61 8
1
92 97 1
2
39 55
2
56 88
2
23 24
1
65 85 10
1
28 59 6
2
52 96
2
23 94
2
85 90
1
10 33 3
2
18 66
1
79 94 3
2
80 93
2
25 62
1
28 95 2
2
72 75
2
45 69
1
66 67 5
1
9 93 1
1
85 95 7
2
36 86
2
90 95
1
63 93 7
1
27 60 2
2
31 31
2
42 79
1
84 86 1
2
39 41
2
62 92
2
3 20
2
37 66
2
86 100
1
10 96 7
2
98 99
1
84 97 4
2
12 63
1
49 68 2
1
82 84 6
1
28 100 4
2
2 27
2
53 78
1
36 54 6
2
93 93
1
90 90 1
2
72 75
1
98 98 5
2
40 94
1
95 95 8
1
68 72 10
2
41 43
1
17 40 6
1
20 87 6
1
69 77 6
1
98 98 10
2
39 41
2
17 70
1
100 100 3
1
73 100 4
2
47 51
1
15 40 10
1
78 78 9
1
66 69 10
1
27 51 6
2
68 82
1
11 94 6
1
78 98 6
1
41 89 5
2
78 96
2
63 86
2
18 63
2
27 74
1
27 28 7
2
46 70
1
82 95 9
2
73 98
1
65 73 3
1
85 98 8
2
97 97
2
91 98
1
83 84 5
2
73 74
1
68 100 5
2
56 75
1
62 80 6
1
96 100 3
2
19 68
1
2 48 2
1
90 97 9
2
97 100
1
42 67 2
1
95 96 8
1
29 80 5
1
60 78 8
1
91 100 2
1
9 59 1
2
44 47
2
64 75
1
13 56 6
1
71 77 9
1
45 60 5
2
77 98
2
57 69
2
48 81
1
35 86 3
2
79 91
2
14 87
2
58 86
1
39 77 4
1
79 94 8
2
24 58
1
35 36 9
1
45 48 4
1
17 62 9
2
96 98
1
79 95 6
2
66 98
1
28 33 3
1
3 53 7
2
61 65
1
24 27 9
1
51 66 10
1
88 93 1
1
82 91 5
1
90 100 9
1
31 75 5
1
9 48 10
1
62 79 2
1
2 89 1
1
12 77 9
1
2 16 5
1
38 59 4
2
65 79
2
78 80
2
63 86
2
38 59
2
27 77
2
86 87
1
6 12 2
2
45 60
2
31 75
1
19 92 2
1
78 78 10
1
77 85 5
2
77 81
1
22 61 5
1
13 26 10
1
67 67 6
1
50 81 4
2
56 73
1
57 75 5
1
40 81 8
2
23 83
1
17 68 10
1
90 100 4
2
21 59
1
52 58 6
1
72 83 2
2
22 99
2
7 79
1
71 80 7
1
12 36 3
2
51 53
2
43 44
1
57 75 9
1
7 45 2
2
71 89
1
99 100 6
2
20 28
2
89 93
2
69 71
2
45 62
1
23 97 4
2
6 25
2
60 97
1
82 86 4
2
10 35
1
39 78 5
1
7 43 1
1
99 100 8
2
60 90
1
99 99 8
2
41 86
1
98 100 4
1
79 79 5
1
67 73 7
2
8 36
1
39 76 10
1
32 40 6
2
4 6
2
36 88
1
1 86 2
1
44 99 1
2
90 92
2
86 87
2
41 47
1
54 64 2
2
48 98
2
30 79
2
49 79
2
86 100
1
61 62 4
2
67 78
2
57 74
1
24 70 6
1
14 76 6
1
76 77 6
1
77 84 5
2
29 34
2
62 77
2
96 99
1
28 40 3
2
90 96
1
79 88 7
1
63 69 10
2
16 71
1
56 91 10
2
85 96
1
10 64 7
2
70 80
1
76 94 7
2
57 88
2
30 79
2
13 84
1
15 90 2
1
74 79 8
1
59 84 8
2
53 98
1
41 65 4
1
22 61 1
1
64 65 4
2
73 89
2
55 71
1
62 85 9
2
94 94
2
71 86
1
20 46 4
1
21 45 1
1
71 100 3
2
21 73
1
8 97 8
1
63 68 6
1
48 56 10
1
79 95 6
2
100 100
2
79 95
2
52 52
1
8 67 9
1
38 53 7
1
100 100 10
2
97 98
1
97 97 3
2
51 89
1
12 62 3
1
55 62 7
2
85 98
1
64 76 10
2
16 90
2
78 96
1
85 90 2
1
67 78 10
2
73 87
1
84 91 5
2
78 91
2
81 95
2
46 57
1
63 89 1
2
53 59
2
97 100
2
7 20
2
66 86
1
2 99 2
1
36 36 1
2
1 69
2
29 37
2
58 89
2
51 78
1
100 100 10
1
56 70 9
2
54 63
2
44 78
1
81 97 6
1
20 77 3
2
16 66
1
46 92 9
1
91 92 9
2
85 88
2
1 93
1
73 82 2
1
79 90 10
1
73 77 7
2
39 51
1
78 88 6
2
59 79
1
29 33 4
1
38 91 4
2
14 71
1
49 85 4
2
29 45
1
34 85 5
1
86 100 9
2
95 97
1
41 48 7
1
38 45 1
1
93 98 2
2
67 99
2
38 88
1
43 56 2
2
21 68
2
72 94
1
6 30 7
2
41 92
2
30 45
1
65 67 4
1
50 93 5
1
72 99 5
1
67 77 2
2
90 95
2
5 81
2
25 69
1
65 92 1
1
29 79 9
1
87 100 1
1
27 92 2
1
53 58 5
2
98 98
1
14 34 1
2
70 87
2
55 61
1
62 93 7
1
83 88 6
2
69 81
1
67 98 8
2
27 92
2
26 72
2
73 75
1
67 76 10
1
15 84 7
1
34 100 2
2
15 15
2
98 100
1
93 99 5
1
80 94 3
1
24 64 6
2
39 40
2
11 51
1
50 74 2
1
29 35 8
1
14 92 1
1
24 58 2
1
20 47 1
2
36 41
2
80 90
1
4 56 8
2
63 96
2
93 99
2
22 84
1
4 15 3
2
81 90
2
67 88
2
80 92
1
38 74 5
1
37 37 5
2
92 100
1
30 67 2
1
47 58 3
2
97 98
1
46 93 1
2
6 67
2
66 75
1
82 84 8
1
54 96 7
2
24 27
1
26 79 2
2
26 96
1
72 82 4
2
82 96
1
16 99 1
2
67 78
2
97 99
1
72 91 2
1
37 96 3
2
95 95
1
18 81 10
1
67 93 9
1
66 70 8
1
66 76 10
2
71 96
1
65 91 5
1
40 52 5
1
18 76 3
1
81 100 10
1
33 61 6
1
4 29 1
2
55 72
1
69 83 2
2
58 64
1
16 84 4
1
16 66 3
2
7 51
1
27 89 8
2
77 96
1
22 84 2
1
2 9 6
1
58 87 10
1
35 43 5
2
1 65
1
58 100 3
2
73 73
1
38 75 3
2
71 88
1
42 61 2
1
55 95 4
2
9 76
2
54 99
1
43 52 8
2
9 72
2
95 97
1
12 27 8
1
92 100 2
2
98 99
1
84 91 9
2
42 74
1
57 74 1
1
78 86 5
1
76 79 7
1
70 71 1
1
46 96 8
2
45 98
2
42 88
1
74 96 9
2
38 91
2
10 28
2
55 91
2
41 84
1
79 86 3
2
52 69
1
4 22 10
2
89 99
1
92 93 3
1
97 100 1
1
16 92 5
2
65 71
1
3 21 9
2
96 100
2
50 80
2
9 55
2
61 81
2
21 100
2
45 62
1
39 77 4
2
63 70
2
54 56
2
62 98
1
25 68 6
1
74 74 1
2
23 93
2
82 91
2
92 97
1
41 64 10
2
28 44
1
43 94 2
1
89 92 2
2
50 86
1
21 87 9
2
21 21
2
8 18
1
92 100 8
1
85 93 8
1
77 94 9
1
23 88 6
1
46 73 5
2
33 77
1
55 58 6
1
54 89 3
2
84 93
2
43 82
1
4 54 8
1
97 98 6
1
2 43 6
1
29 53 10
2
63 93
2
51 77
1
91 91 3
1
89 89 1
2
92 96
1
15 38 3
1
72 100 5
2
67 99
1
20 26 6
1
32 69 1
1
99 99 4
