73
141
296
195
89
127
610
1059
24
332
21
1139
850
279
538
710
440
181
41
315
174
1835
1146
1933
236
4135
3381
159
438
17
1219
3437
2567
2176
2787
16
5633
1834
3619
8379
3795
1497
2893
1630
2782
2217
214
3232
613
5145
3049
2802
2868
1370
1376
4079
3525
8300
2908
1020
332
7043
1649
1587
8888
2898
2743
1603
1208
6338
1131
8907
5718
3668
2866
1107
941
5792
3402
8787
6478
600
4599
328
13179
11396
1421
4733
76
3082
13877
268
808
3287
1808
2713
3054
1539
6204
13606
6117
5440
11191
802
20497
13592
780
5630
6919
7144
4546
3809
11749
3787
19715
266
779
2997
6507
3198
17349
5943
4607
8268
2912
16911
4500
13620
18122
14527
4116
9689
15954
350
1741
889
5668
1007
4985
3502
886
104
9407
6272
2106
9968
18804
6755
9761
1082
395
13074
3288
2981
18745
3345
302
12447
764
1319
10871
15942
17471
10332
11486
612
436
14030
15065
20389
2494
889
7730
333
10479
22490
17794
16806
12850
8554
11340
24219
12636
7857
10522
14431
25121
13352
8104
11821
6943
93
531
16127
8218
4917
17487
378
23415
1869
25917
8388
10924
2468
8594
1972
7754
3965
414
21140
24407
16960
803
1066
55
5948
21934
7373
2844
886
2370
3283
9213
7069
6993
3123
8588
144
33571
20191
4265
14921
5704
14032
31058
879
15826
1693
29282
1322
11387
21043
10775
28872
6853
32496
24163
671
16714
19349
6144
4702
7685
1373
7894
388
23642
19856
18574
12568
10965
26218
3067
449
20109
5111
301
5244
15069
5130
2529
6929
671
2825
574
5189
14948
15091
9142
463
8048
15931
1057
25368
527
10537
12509
4056
1207
9204
14696
16847
23778
2029
19097
969
13229
1383
2497
4447
28762
37172
17559
34089
7570
34640
34944
6290
362
1540
20740
37988
15629
506
7195
1698
22670
21321
16374
83
7577
39452
10736
3061
9677
27628
20481
47083
17134
15277
2370
13485
7998
10361
9699
22103
32935
15844
3170
25209
6250
91
7464
4449
9328
12379
1157
2316
1805
12640
22110
7458
3304
11942
3034
3111
22513
18236
36797
9206
40707
5830
7938
23201
24164
18460
50634
4625
26505
46486
49058
15322
53543
35042
9817
19498
7324
13496
3490
19847
23521
46135
2332
16720
24354
18623
380
5688
31150
29371
36754
1422
33039
36329
18187
5617
31137
55527
414
8493
13596
39209
7566
22077
12739
39232
62541
982
26867
17047
53279
7623
18487
31559
25960
53922
1369
1401
46678
13736
11922
17708
24644
1809
54277
7998
7348
156
1728
6039
2289
9435
50841
61610
20222
28704
10091
23866
35392
30345
27267
13044
1484
5111
30775
23670
156
51570
6900
34757
13110
25226
3128
8144
46556
2716
1520
4142
2770
637
35024
49513
10860
5813
13524
4099
5518
11769
25105
10736
16937
18333
4983
6179
17786
30120
18275
32021
268
1377
55379
52091
177
63043
916
13354
51802
26460
3216
6990
33544
3319
52471
24980
17048
24737
19382
57538
7113
21874
23546
26183
3281
7963
13853
752
66547
68485
6336
48523
6260
7032
69943
9389
1927
32633
57314
7159
67633
30983
18395
11132
56230
16165
1157
2493
14440
48696
72281
20935
53146
32332
64282
33507
38938
16748
7559
65170
594
28038
11888
13037
180
14791
19904
768
34903
41546
658
6914
46307
72548
2485
38227
4640
11929
13973
21861
2352
10576
18356
2407
2055
79919
29477
13537
8959
5137
25414
59093
73469
11565
6456
40141
44043
2189
56196
12367
15879
21487
12253
1904
27856
54655
5443
35717
2210
26659
7470
62548
28678
32090
15018
33042
7021
47818
16964
26664
5397
34669
87336
5964
15549
32591
54387
30289
9645
32019
36022
64269
76547
60710
8367
2545
65157
39777
65150
20919
91579
56128
2033
1317
45111
5066
7109
66344
25086
55504
1329
37407
7487
30934
69486
215
14421
8302
20932
3271
25057
8854
215
38348
50004
61589
67896
65334
65993
11851
690
7384
3840
23892
922
988
65012
40562
81802
61748
3102
15465
4018
1258
24850
4573
59000
17945
37222
25086
5675
852
12947
40775
96642
2447
1431
1980
57265
85483
47745
2837
43282
63167
23491
33328
66317
69866
77046
582
9510
36423
18669
19616
342
43661
935
4767
45626
82241
81157
44188
55814
7770
16683
34729
24737
51285
85279
7380
56571
60812
71365
40253
2972
741
46541
48556
22731
20822
7129
9372
12357
63873
61196
41852
348
1362
4095
678
21919
47725
348
5796
18587
11273
6514
1267
75938
918
1236
105357
15267
100778
75074
31664
512
1700
12742
102887
106895
19225
8624
3642
572
1111
96059
18301
3950
42351
87584
34703
29731
15643
57928
229
8035
16615
14116
10859
5456
6195
75066
16848
13555
13606
4117
6600
1709
8827
9514
39288
23432
6636
12476
5541
9453
87980
4192
103100
39474
57622
1691
32589
21881
11903
24585
10000
73801
683
92653
63434
32628
110005
27137
65166
2076
56534
97169
30801
14696
5563
3712
29916
38308
101471
69207
25162
4907
11683
94134
14802
39248
107172
11091
15201
21403
116334
7368
642
6854
18353
57386
90788
5330
10253
3636
3530
31876
17822
2434
38959
115469
21298
21133
3834
107768
39346
5855
99527
19123
8258
2650
15669
50143
68884
48783
43815
28987
66936
43750
54120
58687
3716
243
35002
109241
6444
2472
82471
76254
14662
7016
94030
6266
36325
9177
47165
4591
16088
41484
18171
63759
6362
43399
20931
93841
37045
5508
42772
10013
24111
10133
109437
21287
2129
127171
426
1878
41595
27399
4117
3050
3304
46759
64464
6342
61744
65970
29766
67963
4083
8923
78725
29246
71987
9884
34728
94486
10344
52706
138560
17851
40972
52325
13303
121323
3420
434
57977
3566
54752
45719
10704
98530
15451
67043
80521
92718
88542
2447
3420
32440
57184
38749
18397
19272
144040
107255
24387
512
127542
13212
28676
28221
44848
7178
87506
125296
37717
109577
265
92228
35998
6763
47830
65647
7189
16128
43880
114726
14346
124701
35015
15088
27552
1605
4573
1059
25319
37327
65819
11306
32453
100189
12886
11987
2094
13211
27361
66412
16960
12840
43578
100964
18002
70698
150111
1532
8404
32707
111950
13784
5698
30214
130999
27773
16490
97078
697
56665
124933
6040
25415
31760
703
141921
133315
142876
14394
14170
19218
9975
20408
830
14598
11107
11710
447
21930
15930
4639
13312
33983
35161
9258
34785
47993
136054
890
15075
61215
30016
50805
114954
61568
55509
32789
275
23582
14956
116342
95978
5464
65899
59565
116676
52740
159622
11517
58495
2035
64769
124932
54868
38466
105431
2289
3235
28586
13079
5532
3738
43595
5208
138220
57772
1891
68633
79552
154132
123344
72722
6320
88489
8784
1577
12465
27834
28526
7776
23128
13287
61092
5274
115202
8834
4016
484
6039
68270
48046
3275
35006
78530
19818
129943
41634
154703
32706
15490
65479
489
13655
142444
15761
51095
143596
27048
30337
23778
21187
26310
21299
136176
31565
10704
4145
18450
36264
115350
10963
57252
4669
16345
39128
29126
281
18632
29304
118026
13486
137831
157149
102060
4385
128636
1116
3370
9927
13609
51675
4173
59243
58243
10258
28911
3230
4017
57499
11328
78304
10514
38227
84808
66238
5485
42982
43471
1391
4224
51340
22236
129798
8896
43768
134257
10485
27408
291
7246
43998
96549
42783
